# ------------------------------
# XFoil Interface for Python
# ------------------------------
# 
# Airfoil,tip
# Reynolds number,1300000.0
# Ncrit,9.0
# Mach,0.0
# n_node,250
# max_iter, 300
# ------------------------------
# alpha_deg, cl, cd, cm, cpmin, top_xtr, bot_xtr
-6.000000000000000000e+00 nan nan nan nan 6.999999880790710449e-01 1.999999955296516418e-02
-5.750000000000000000e+00 nan nan nan nan 6.999999880790710449e-01 1.999999955296516418e-02
-5.500000000000000000e+00 nan nan nan nan 6.999999880790710449e-01 1.999999955296516418e-02
-5.250000000000000000e+00 nan nan nan nan 6.999999880790710449e-01 1.999999955296516418e-02
-5.000000000000000000e+00 nan nan nan nan 6.999999880790710449e-01 1.999999955296516418e-02
-4.750000000000000000e+00 nan nan nan nan 6.999999880790710449e-01 1.999999955296516418e-02
-4.500000000000000000e+00 nan nan nan nan 6.999999880790710449e-01 1.999999955296516418e-02
-4.250000000000000000e+00 nan nan nan nan 6.999999880790710449e-01 1.999999955296516418e-02
-4.000000000000000000e+00 nan nan nan nan 6.999999880790710449e-01 1.999999955296516418e-02
-3.750000000000000000e+00 nan nan nan nan 6.999999880790710449e-01 1.999999955296516418e-02
-3.500000000000000000e+00 nan nan nan nan 6.999999880790710449e-01 1.999999955296516418e-02
-3.250000000000000000e+00 nan nan nan nan 6.999999880790710449e-01 1.999999955296516418e-02
-3.000000000000000000e+00 8.750526607036590576e-02 1.031422987580299377e-02 -9.091028571128845215e-02 -2.571578979492187500e+00 6.999999880790710449e-01 1.999999955296516418e-02
-2.750000000000000000e+00 1.167590394616127014e-01 8.945627138018608093e-03 -9.102536737918853760e-02 -2.602464437484741211e+00 6.999999880790710449e-01 1.999999955296516418e-02
-2.500000000000000000e+00 1.461084485054016113e-01 8.225926198065280914e-03 -9.129949659109115601e-02 -2.496544837951660156e+00 6.999999880790710449e-01 1.999999955296516418e-02
-2.250000000000000000e+00 1.754533499479293823e-01 7.817531935870647430e-03 -9.157919138669967651e-02 -2.334281206130981445e+00 6.999999880790710449e-01 1.999999955296516418e-02
-2.000000000000000000e+00 2.047152966260910034e-01 7.477996870875358582e-03 -9.192229807376861572e-02 -2.112790107727050781e+00 6.999999880790710449e-01 1.999999955296516418e-02
-1.750000000000000000e+00 2.339779138565063477e-01 7.218292448669672012e-03 -9.223029762506484985e-02 -1.877995967864990234e+00 6.999999880790710449e-01 1.999999955296516418e-02
-1.500000000000000000e+00 2.631369233131408691e-01 7.024774327874183655e-03 -9.251929074525833130e-02 -1.630411267280578613e+00 6.999999880790710449e-01 1.999999955296516418e-02
-1.250000000000000000e+00 2.923053801059722900e-01 6.853861734271049500e-03 -9.279977530241012573e-02 -1.386671423912048340e+00 6.999999880790710449e-01 1.999999955296516418e-02
-1.000000000000000000e+00 3.215154409408569336e-01 6.692213937640190125e-03 -9.307738393545150757e-02 -1.153058528900146484e+00 6.999999880790710449e-01 1.999999955296516418e-02
-7.500000000000000000e-01 3.506565988063812256e-01 6.583032198250293732e-03 -9.330436587333679199e-02 -9.299733638763427734e-01 6.999999880790710449e-01 1.999999955296516418e-02
-5.000000000000000000e-01 3.795425593852996826e-01 6.530298851430416107e-03 -9.352468699216842651e-02 -7.136234045028686523e-01 6.999999880790710449e-01 1.999999955296516418e-02
-2.500000000000000000e-01 4.083980619907379150e-01 6.485296413302421570e-03 -9.374701231718063354e-02 -5.320711135864257812e-01 6.999999880790710449e-01 1.999999955296516418e-02
0.000000000000000000e+00 4.372357130050659180e-01 6.445695646107196808e-03 -9.397061914205551147e-02 -5.295094251632690430e-01 6.999999880790710449e-01 1.999999955296516418e-02
2.500000000000000000e-01 4.660581946372985840e-01 6.410879082977771759e-03 -9.419528394937515259e-02 -5.531087517738342285e-01 6.999999880790710449e-01 1.999999955296516418e-02
5.000000000000000000e-01 4.948664009571075439e-01 6.380537524819374084e-03 -9.442105889320373535e-02 -5.824710726737976074e-01 6.999999880790710449e-01 1.999999955296516418e-02
7.500000000000000000e-01 5.230463147163391113e-01 6.406682077795267105e-03 -9.451483190059661865e-02 -6.201402544975280762e-01 6.999999880790710449e-01 1.999999955296516418e-02
1.000000000000000000e+00 5.508205294609069824e-01 6.470214575529098511e-03 -9.452689439058303833e-02 -6.622843742370605469e-01 6.999999880790710449e-01 1.999999955296516418e-02
1.250000000000000000e+00 5.783874392509460449e-01 6.559259258210659027e-03 -9.450828284025192261e-02 -7.090092301368713379e-01 6.999999880790710449e-01 1.999999955296516418e-02
1.500000000000000000e+00 6.060257554054260254e-01 6.645282730460166931e-03 -9.451277554035186768e-02 -7.607583999633789062e-01 6.999999880790710449e-01 1.999999955296516418e-02
1.750000000000000000e+00 6.334658265113830566e-01 6.756237242370843887e-03 -9.449014067649841309e-02 -8.173484802246093750e-01 6.999999880790710449e-01 1.999999955296516418e-02
2.000000000000000000e+00 6.607735157012939453e-01 6.885730195790529251e-03 -9.445402771234512329e-02 -8.789916634559631348e-01 6.999999880790710449e-01 1.999999955296516418e-02
2.250000000000000000e+00 6.879790425300598145e-01 7.030609063804149628e-03 -9.441063553094863892e-02 -9.458032846450805664e-01 6.999999880790710449e-01 1.999999955296516418e-02
2.500000000000000000e+00 7.150580286979675293e-01 7.193638477474451065e-03 -9.435619413852691650e-02 -1.017906069755554199e+00 6.999999880790710449e-01 1.999999955296516418e-02
2.750000000000000000e+00 7.418914437294006348e-01 7.389422506093978882e-03 -9.427309036254882812e-02 -1.095066905021667480e+00 6.999999880790710449e-01 1.999999955296516418e-02
3.000000000000000000e+00 7.684963345527648926e-01 7.616368122398853302e-03 -9.416585415601730347e-02 -1.178459882736206055e+00 6.999999880790710449e-01 1.999999955296516418e-02
3.250000000000000000e+00 7.948421835899353027e-01 7.878673262894153595e-03 -9.403041750192642212e-02 -1.265940666198730469e+00 6.999999880790710449e-01 1.999999955296516418e-02
3.500000000000000000e+00 8.208118677139282227e-01 8.191274479031562805e-03 -9.385270625352859497e-02 -1.359627008438110352e+00 6.999999880790710449e-01 1.999999955296516418e-02
3.750000000000000000e+00 8.465460538864135742e-01 8.534949272871017456e-03 -9.365104883909225464e-02 -1.459870219230651855e+00 6.999999880790710449e-01 1.999999955296516418e-02
4.000000000000000000e+00 8.719218969345092773e-01 8.925541304051876068e-03 -9.340797364711761475e-02 -1.563146948814392090e+00 6.999999880790710449e-01 1.999999955296516418e-02
4.250000000000000000e+00 8.971498012542724609e-01 9.332922287285327911e-03 -9.314820915460586548e-02 -1.670730829238891602e+00 6.999999880790710449e-01 1.999999955296516418e-02
4.500000000000000000e+00 9.223108291625976562e-01 9.744247421622276306e-03 -9.287940710783004761e-02 -1.786672592163085938e+00 6.999999880790710449e-01 1.999999955296516418e-02
4.750000000000000000e+00 9.476128816604614258e-01 1.012912020087242126e-02 -9.262578189373016357e-02 -1.909654617309570312e+00 6.999999880790710449e-01 1.999999955296516418e-02
5.000000000000000000e+00 9.731703996658325195e-01 1.047035492956638336e-02 -9.240117669105529785e-02 -2.035812377929687500e+00 6.999999880790710449e-01 1.999999955296516418e-02
5.250000000000000000e+00 9.987643361091613770e-01 1.079782471060752869e-02 -9.217802435159683228e-02 -2.164563655853271484e+00 6.999999880790710449e-01 1.999999955296516418e-02
5.500000000000000000e+00 1.024438381195068359e+00 1.110484078526496887e-02 -9.196218103170394897e-02 -2.302676200866699219e+00 6.999999880790710449e-01 1.999999955296516418e-02
5.750000000000000000e+00 1.050042152404785156e+00 1.141204498708248138e-02 -9.173402190208435059e-02 -2.451021909713745117e+00 6.999999880790710449e-01 1.999999955296516418e-02
6.000000000000000000e+00 1.075601339340209961e+00 1.171553134918212891e-02 -9.149656444787979126e-02 -2.602865934371948242e+00 6.999999880790710449e-01 1.999999955296516418e-02
