# ------------------------------
# XFoil Interface for Python
# ------------------------------
# 
# Airfoil,naca0012
# Reynolds number,1300000.0
# Ncrit,9.0
# Mach,0.0
# n_node,250
# max_iter, 300
# ------------------------------
# alpha_deg, cl, cd, cm, cpmin, top_xtr, bot_xtr
-1.000000000000000000e+01 -1.089968681335449219e+00 1.392663083970546722e-02 -3.785480745136737823e-03 -5.569458007812500000e+00 1.000000000000000000e+00 1.000000000000000000e+00
-9.900000000000000355e+00 -1.080927610397338867e+00 1.379954349249601364e-02 -3.426520386710762978e-03 -5.482675552368164062e+00 1.000000000000000000e+00 1.000000000000000000e+00
-9.800000000000000711e+00 -1.071825504302978516e+00 1.368418801575899124e-02 -3.067504148930311203e-03 -5.396253585815429688e+00 1.000000000000000000e+00 1.000000000000000000e+00
-9.699999999999999289e+00 -1.063474655151367188e+00 1.350415963679552078e-02 -2.592263743281364441e-03 -5.314691066741943359e+00 1.000000000000000000e+00 1.000000000000000000e+00
-9.599999999999999645e+00 -1.055155396461486816e+00 1.332855038344860077e-02 -2.109948080033063889e-03 -5.232925891876220703e+00 1.000000000000000000e+00 1.000000000000000000e+00
-9.500000000000000000e+00 -1.046563625335693359e+00 1.318415254354476929e-02 -1.662341528572142124e-03 -5.149910449981689453e+00 1.000000000000000000e+00 1.000000000000000000e+00
-9.400000000000000355e+00 -1.037840843200683594e+00 1.305545587092638016e-02 -1.228354405611753464e-03 -5.066843509674072266e+00 1.000000000000000000e+00 1.000000000000000000e+00
-9.300000000000000711e+00 -1.029006958007812500e+00 1.293824613094329834e-02 -8.064767462201416492e-04 -4.983935356140136719e+00 1.000000000000000000e+00 1.000000000000000000e+00
-9.199999999999999289e+00 -1.020090460777282715e+00 1.283210981637239456e-02 -3.916595887858420610e-04 -4.901245117187500000e+00 1.000000000000000000e+00 1.000000000000000000e+00
-9.099999999999999645e+00 -1.011671900749206543e+00 1.268305256962776184e-02 1.022083160933107138e-04 -4.821825504302978516e+00 1.000000000000000000e+00 1.000000000000000000e+00
-9.000000000000000000e+00 -1.003395795822143555e+00 1.252586394548416138e-02 6.166438106447458267e-04 -4.743874549865722656e+00 1.000000000000000000e+00 1.000000000000000000e+00
-8.900000000000000355e+00 -9.948626160621643066e-01 1.239825412631034851e-02 1.096187741495668888e-03 -4.667057991027832031e+00 1.000000000000000000e+00 1.000000000000000000e+00
-8.800000000000000711e+00 -9.862194657325744629e-01 1.228559669107198715e-02 1.565288519486784935e-03 -4.590378761291503906e+00 1.000000000000000000e+00 1.000000000000000000e+00
-8.699999999999999289e+00 -9.774914383888244629e-01 1.218548603355884552e-02 2.027888782322406769e-03 -4.514003276824951172e+00 1.000000000000000000e+00 1.000000000000000000e+00
-8.599999999999999645e+00 -9.689557552337646484e-01 1.207110378891229630e-02 2.525025280192494392e-03 -4.439285278320312500e+00 1.000000000000000000e+00 1.000000000000000000e+00
-8.500000000000000000e+00 -9.608638286590576172e-01 1.191880181431770325e-02 3.088758559897542000e-03 -4.366728305816650391e+00 1.000000000000000000e+00 1.000000000000000000e+00
-8.400000000000000355e+00 -9.524993896484375000e-01 1.179716270416975021e-02 3.612264990806579590e-03 -4.293027877807617188e+00 1.000000000000000000e+00 1.000000000000000000e+00
-8.300000000000000711e+00 -9.440214037895202637e-01 1.168993860483169556e-02 4.122315905988216400e-03 -4.219394207000732422e+00 1.000000000000000000e+00 1.000000000000000000e+00
-8.199999999999999289e+00 -9.354123473167419434e-01 1.159899495542049408e-02 4.616213496774435043e-03 -4.145752906799316406e+00 1.000000000000000000e+00 1.000000000000000000e+00
-8.099999999999999645e+00 -9.271147251129150391e-01 1.148000359535217285e-02 5.159581080079078674e-03 -4.074185848236083984e+00 1.000000000000000000e+00 1.000000000000000000e+00
-8.000000000000000000e+00 -9.189478754997253418e-01 1.135127153247594833e-02 5.718922242522239685e-03 -4.003177642822265625e+00 1.000000000000000000e+00 1.000000000000000000e+00
-7.900000000000000355e+00 -9.105790853500366211e-01 1.124486327171325684e-02 6.248363759368658066e-03 -3.931700706481933594e+00 1.000000000000000000e+00 1.000000000000000000e+00
-7.799999999999999822e+00 -9.020692110061645508e-01 1.115416269749403000e-02 6.759163923561573029e-03 -3.860273122787475586e+00 1.000000000000000000e+00 1.000000000000000000e+00
-7.699999999999999289e+00 -8.936473727226257324e-01 1.105567533522844315e-02 7.284979801625013351e-03 -3.791978597640991211e+00 1.000000000000000000e+00 1.000000000000000000e+00
-7.599999999999999645e+00 -8.854877948760986328e-01 1.093096751719713211e-02 7.845253683626651764e-03 -3.725769758224487305e+00 1.000000000000000000e+00 1.000000000000000000e+00
-7.500000000000000000e+00 -8.770199418067932129e-01 1.082910038530826569e-02 8.352000266313552856e-03 -3.658701658248901367e+00 1.000000000000000000e+00 1.000000000000000000e+00
-7.400000000000000355e+00 -8.635488152503967285e-01 1.072903722524642944e-02 7.804475724697113037e-03 -3.575225591659545898e+00 1.000000000000000000e+00 1.000000000000000000e+00
-7.299999999999999822e+00 -8.502892255783081055e-01 1.059037540107965469e-02 7.278455421328544617e-03 -3.493472576141357422e+00 1.000000000000000000e+00 1.000000000000000000e+00
-7.199999999999999289e+00 -8.369145989418029785e-01 1.046984363347291946e-02 6.735808216035366058e-03 -3.411619424819946289e+00 1.000000000000000000e+00 1.000000000000000000e+00
-7.099999999999999645e+00 -8.233500123023986816e-01 1.037605945020914078e-02 6.173023022711277008e-03 -3.329874515533447266e+00 1.000000000000000000e+00 1.000000000000000000e+00
-7.000000000000000000e+00 -8.100250959396362305e-01 1.023389399051666260e-02 5.629890132695436478e-03 -3.249902486801147461e+00 1.000000000000000000e+00 1.000000000000000000e+00
-6.900000000000000355e+00 -7.964485883712768555e-01 1.012677699327468872e-02 5.054816603660583496e-03 -3.169523239135742188e+00 1.000000000000000000e+00 1.000000000000000000e+00
-6.799999999999999822e+00 -7.828599214553833008e-01 1.001014374196529388e-02 4.473152104765176773e-03 -3.093095064163208008e+00 1.000000000000000000e+00 1.000000000000000000e+00
-6.699999999999999289e+00 -7.692288756370544434e-01 9.891268797218799591e-03 3.877460956573486328e-03 -3.017148256301879883e+00 1.000000000000000000e+00 1.000000000000000000e+00
-6.599999999999999645e+00 -7.554417848587036133e-01 9.786400012671947479e-03 3.260624362155795097e-03 -2.941475629806518555e+00 1.000000000000000000e+00 1.000000000000000000e+00
-6.500000000000000000e+00 -7.417014241218566895e-01 9.661908261477947235e-03 2.637886209413409233e-03 -2.866573810577392578e+00 1.000000000000000000e+00 1.000000000000000000e+00
-6.400000000000000355e+00 -7.283815741539001465e-01 9.560150094330310822e-03 2.132251393049955368e-03 -2.793548345565795898e+00 1.000000000000000000e+00 1.000000000000000000e+00
-6.299999999999999822e+00 -7.153897285461425781e-01 9.432619437575340271e-03 1.680771005339920521e-03 -2.722151756286621094e+00 1.000000000000000000e+00 1.000000000000000000e+00
-6.199999999999999289e+00 -7.020569443702697754e-01 9.328500367701053619e-03 1.171865616925060749e-03 -2.650936603546142578e+00 1.000000000000000000e+00 1.000000000000000000e+00
-6.099999999999999645e+00 -6.886842846870422363e-01 9.204993955790996552e-03 6.380763370543718338e-04 -2.582629919052124023e+00 1.000000000000000000e+00 1.000000000000000000e+00
-6.000000000000000000e+00 -6.750974059104919434e-01 9.093174710869789124e-03 6.743035919498652220e-05 -2.514351129531860352e+00 1.000000000000000000e+00 1.000000000000000000e+00
-5.899999999999999467e+00 -6.613917946815490723e-01 8.980865590274333954e-03 -5.311682471074163914e-04 -2.446301937103271484e+00 1.000000000000000000e+00 1.000000000000000000e+00
-5.799999999999999822e+00 -6.476311683654785156e-01 8.857375942170619965e-03 -1.149408286437392235e-03 -2.378803014755249023e+00 1.000000000000000000e+00 1.000000000000000000e+00
-5.700000000000000178e+00 -6.336691379547119141e-01 8.749428205192089081e-03 -1.800087629817426205e-03 -2.311326026916503906e+00 1.000000000000000000e+00 1.000000000000000000e+00
-5.599999999999999645e+00 -6.196791529655456543e-01 8.628918789327144623e-03 -2.467320766299962997e-03 -2.246094703674316406e+00 1.000000000000000000e+00 1.000000000000000000e+00
-5.500000000000000000e+00 -6.056336164474487305e-01 8.505061268806457520e-03 -3.148953896015882492e-03 -2.182481527328491211e+00 1.000000000000000000e+00 1.000000000000000000e+00
-5.399999999999999467e+00 -5.930700302124023438e-01 8.394746109843254089e-03 -3.481895662844181061e-03 -2.123055696487426758e+00 1.000000000000000000e+00 1.000000000000000000e+00
-5.299999999999999822e+00 -5.802860856056213379e-01 8.287910372018814087e-03 -3.860652446746826172e-03 -2.063583612442016602e+00 1.000000000000000000e+00 1.000000000000000000e+00
-5.199999999999999289e+00 -5.674006342887878418e-01 8.164833299815654755e-03 -4.273193888366222382e-03 -2.004464149475097656e+00 1.000000000000000000e+00 1.000000000000000000e+00
-5.099999999999999645e+00 -5.543684363365173340e-01 8.046106435358524323e-03 -4.713459871709346771e-03 -1.947368860244750977e+00 1.000000000000000000e+00 1.000000000000000000e+00
-5.000000000000000000e+00 -5.412163138389587402e-01 7.930530235171318054e-03 -5.177173297852277756e-03 -1.891124129295349121e+00 1.000000000000000000e+00 1.000000000000000000e+00
-4.899999999999999467e+00 -5.288496017456054688e-01 7.821288891136646271e-03 -5.456616170704364777e-03 -1.837136983871459961e+00 1.000000000000000000e+00 1.000000000000000000e+00
-4.799999999999999822e+00 -5.175706744194030762e-01 7.718090433627367020e-03 -5.483834538608789444e-03 -1.786039710044860840e+00 1.000000000000000000e+00 1.000000000000000000e+00
-4.699999999999999289e+00 -5.056393742561340332e-01 7.612348999828100204e-03 -5.656102206557989120e-03 -1.734917879104614258e+00 1.000000000000000000e+00 1.000000000000000000e+00
-4.599999999999999645e+00 -4.935225546360015869e-01 7.500800304114818573e-03 -5.871580448001623154e-03 -1.685068130493164062e+00 1.000000000000000000e+00 1.000000000000000000e+00
-4.500000000000000000e+00 -4.827195107936859131e-01 7.396331522613763809e-03 -5.789239890873432159e-03 -1.638387203216552734e+00 1.000000000000000000e+00 1.000000000000000000e+00
-4.399999999999999467e+00 -4.718401730060577393e-01 7.293824106454849243e-03 -5.715934094041585922e-03 -1.591916084289550781e+00 1.000000000000000000e+00 1.000000000000000000e+00
-4.299999999999999822e+00 -4.604715704917907715e-01 7.191413082182407379e-03 -5.746711511164903641e-03 -1.545923113822937012e+00 1.000000000000000000e+00 1.000000000000000000e+00
-4.199999999999999289e+00 -4.500951766967773438e-01 7.094840519130229950e-03 -5.559431388974189758e-03 -1.503145933151245117e+00 1.000000000000000000e+00 1.000000000000000000e+00
-4.099999999999999645e+00 -4.394725859165191650e-01 6.999796256422996521e-03 -5.416449625045061111e-03 -1.460212349891662598e+00 1.000000000000000000e+00 1.000000000000000000e+00
-4.000000000000000000e+00 -4.288009703159332275e-01 6.906660273671150208e-03 -5.281886085867881775e-03 -1.417574763298034668e+00 1.000000000000000000e+00 1.000000000000000000e+00
-3.899999999999999467e+00 -4.184750020503997803e-01 6.816608365625143051e-03 -5.075037013739347458e-03 -1.377680540084838867e+00 1.000000000000000000e+00 1.000000000000000000e+00
-3.799999999999999822e+00 -4.079744517803192139e-01 6.729609798640012741e-03 -4.891803488135337830e-03 -1.337756991386413574e+00 1.000000000000000000e+00 1.000000000000000000e+00
-3.699999999999999289e+00 -3.975923657417297363e-01 6.643712520599365234e-03 -4.696880001574754715e-03 -1.298383593559265137e+00 1.000000000000000000e+00 1.000000000000000000e+00
-3.599999999999999645e+00 -3.871932625770568848e-01 6.562121678143739700e-03 -4.490619990974664688e-03 -1.260687351226806641e+00 1.000000000000000000e+00 1.000000000000000000e+00
-3.500000000000000000e+00 -3.767422139644622803e-01 6.481700111180543900e-03 -4.304660018533468246e-03 -1.223456382751464844e+00 1.000000000000000000e+00 1.000000000000000000e+00
-3.399999999999999467e+00 -3.663237690925598145e-01 6.405251100659370422e-03 -4.102848935872316360e-03 -1.186557412147521973e+00 1.000000000000000000e+00 1.000000000000000000e+00
-3.299999999999999822e+00 -3.558188974857330322e-01 6.330631673336029053e-03 -3.925322555005550385e-03 -1.151373982429504395e+00 1.000000000000000000e+00 1.000000000000000000e+00
-3.199999999999999289e+00 -3.453500866889953613e-01 6.259999703615903854e-03 -3.733316902071237564e-03 -1.116512656211853027e+00 1.000000000000000000e+00 1.000000000000000000e+00
-3.099999999999999645e+00 -3.347799181938171387e-01 6.190691608935594559e-03 -3.569460939615964890e-03 -1.082389831542968750e+00 1.000000000000000000e+00 1.000000000000000000e+00
-3.000000000000000000e+00 -3.242740035057067871e-01 6.127011030912399292e-03 -3.382579656317830086e-03 -1.049469947814941406e+00 1.000000000000000000e+00 1.000000000000000000e+00
-2.899999999999999467e+00 -3.136265277862548828e-01 6.062269676476716995e-03 -3.236601362004876137e-03 -1.016692996025085449e+00 1.000000000000000000e+00 1.000000000000000000e+00
-2.799999999999999822e+00 -3.030589222908020020e-01 6.004827097058296204e-03 -3.063349751755595207e-03 -9.855731725692749023e-01 1.000000000000000000e+00 1.000000000000000000e+00
-2.699999999999999289e+00 -2.923839688301086426e-01 5.946226883679628372e-03 -2.920588944107294083e-03 -9.545377492904663086e-01 1.000000000000000000e+00 1.000000000000000000e+00
-2.599999999999999645e+00 -2.817085981369018555e-01 5.892246495932340622e-03 -2.775196917355060577e-03 -9.249249100685119629e-01 1.000000000000000000e+00 1.000000000000000000e+00
-2.500000000000000000e+00 -2.710855007171630859e-01 5.843968130648136139e-03 -2.613996155560016632e-03 -8.957217931747436523e-01 1.000000000000000000e+00 1.000000000000000000e+00
-2.399999999999999467e+00 -2.603171467781066895e-01 5.792704410851001740e-03 -2.492213388904929161e-03 -8.676725029945373535e-01 1.000000000000000000e+00 1.000000000000000000e+00
-2.299999999999999822e+00 -2.495860457420349121e-01 5.746770650148391724e-03 -2.359091769903898239e-03 -8.400124907493591309e-01 1.000000000000000000e+00 1.000000000000000000e+00
-2.199999999999999289e+00 -2.388875186443328857e-01 5.706396419554948807e-03 -2.216209424659609795e-03 -8.137791752815246582e-01 1.000000000000000000e+00 1.000000000000000000e+00
-2.099999999999999645e+00 nan nan nan nan 1.000000000000000000e+00 1.000000000000000000e+00
-2.000000000000000000e+00 nan nan nan nan 1.000000000000000000e+00 1.000000000000000000e+00
-1.900000000000000355e+00 -2.065442651510238647e-01 5.587570369243621826e-03 -1.854660222306847572e-03 -7.390065789222717285e-01 1.000000000000000000e+00 1.000000000000000000e+00
-1.799999999999998934e+00 -1.957787573337554932e-01 5.556058604270219803e-03 -1.729368465021252632e-03 -7.156172394752502441e-01 1.000000000000000000e+00 1.000000000000000000e+00
-1.699999999999999289e+00 -1.849698126316070557e-01 5.524607840925455093e-03 -1.615273416973650455e-03 -6.932986378669738770e-01 1.000000000000000000e+00 1.000000000000000000e+00
-1.599999999999999645e+00 -1.741236299276351929e-01 5.493834149092435837e-03 -1.510330126620829105e-03 -6.715214848518371582e-01 1.000000000000000000e+00 1.000000000000000000e+00
-1.500000000000000000e+00 -1.632794141769409180e-01 5.466460715979337692e-03 -1.404783688485622406e-03 -6.505349278450012207e-01 1.000000000000000000e+00 1.000000000000000000e+00
-1.400000000000000355e+00 -1.524426639080047607e-01 5.441885907202959061e-03 -1.297904760576784611e-03 -6.304743289947509766e-01 1.000000000000000000e+00 1.000000000000000000e+00
-1.299999999999998934e+00 -1.416001170873641968e-01 5.420428700745105743e-03 -1.192364725284278393e-03 -6.109918355941772461e-01 1.000000000000000000e+00 1.000000000000000000e+00
-1.199999999999999289e+00 -1.307608485221862793e-01 5.401008296757936478e-03 -1.086892560124397278e-03 -5.922447443008422852e-01 1.000000000000000000e+00 1.000000000000000000e+00
-1.099999999999999645e+00 nan nan nan nan 1.000000000000000000e+00 1.000000000000000000e+00
-1.000000000000000000e+00 -1.090160831809043884e-01 5.365820135921239853e-03 -8.917461964301764965e-04 -5.569110512733459473e-01 1.000000000000000000e+00 1.000000000000000000e+00
-9.000000000000003553e-01 -9.811498969793319702e-02 5.350194405764341354e-03 -8.008411969058215618e-04 -5.401087999343872070e-01 1.000000000000000000e+00 1.000000000000000000e+00
-7.999999999999989342e-01 -8.721859753131866455e-02 5.336183588951826096e-03 -7.095459150150418282e-04 -5.240903496742248535e-01 1.000000000000000000e+00 1.000000000000000000e+00
-6.999999999999992895e-01 nan nan nan nan 1.000000000000000000e+00 1.000000000000000000e+00
-5.999999999999996447e-01 -6.541274487972259521e-02 5.314766895025968552e-03 -5.303990328684449196e-04 -4.934788644313812256e-01 1.000000000000000000e+00 1.000000000000000000e+00
-5.000000000000000000e-01 -5.450945720076560974e-02 5.306515377014875412e-03 -4.415281873662024736e-04 -4.791147112846374512e-01 1.000000000000000000e+00 1.000000000000000000e+00
-3.999999999999985789e-01 -4.361049830913543701e-02 5.299333017319440842e-03 -3.522763436194509268e-04 -4.651243984699249268e-01 1.000000000000000000e+00 1.000000000000000000e+00
-2.999999999999989342e-01 -3.270868957042694092e-02 5.293954163789749146e-03 -2.638038422446697950e-04 -4.515965580940246582e-01 1.000000000000000000e+00 1.000000000000000000e+00
-1.999999999999992895e-01 -2.180679701268672943e-02 5.290002562105655670e-03 -1.755660196067765355e-04 -4.386082291603088379e-01 1.000000000000000000e+00 1.000000000000000000e+00
-9.999999999999964473e-02 -1.090346649289131165e-02 5.287777632474899292e-03 -8.773249282967299223e-05 -4.259092509746551514e-01 1.000000000000000000e+00 1.000000000000000000e+00
0.000000000000000000e+00 -7.481268937681306852e-10 5.286940839141607285e-03 1.536159671688963613e-10 -4.136777222156524658e-01 1.000000000000000000e+00 1.000000000000000000e+00
1.000000000000014211e-01 1.090348139405250549e-02 5.287776701152324677e-03 8.772903674980625510e-05 -4.259092509746551514e-01 1.000000000000000000e+00 1.000000000000000000e+00
2.000000000000010658e-01 2.180686406791210175e-02 5.290002096444368362e-03 1.755507255438715219e-04 -4.386082589626312256e-01 1.000000000000000000e+00 1.000000000000000000e+00
3.000000000000007105e-01 3.270885348320007324e-02 5.293952766805887222e-03 2.637667057570070028e-04 -4.515966773033142090e-01 1.000000000000000000e+00 1.000000000000000000e+00
4.000000000000003553e-01 4.361077025532722473e-02 5.299330689013004303e-03 3.522131883073598146e-04 -4.651246070861816406e-01 1.000000000000000000e+00 1.000000000000000000e+00
5.000000000000000000e-01 5.450989678502082825e-02 5.306511651724576950e-03 4.414276045281440020e-04 -4.791150391101837158e-01 1.000000000000000000e+00 1.000000000000000000e+00
6.000000000000014211e-01 nan nan nan nan 1.000000000000000000e+00 1.000000000000000000e+00
7.000000000000010658e-01 nan nan nan nan 1.000000000000000000e+00 1.000000000000000000e+00
8.000000000000007105e-01 8.721968531608581543e-02 5.336179863661527634e-03 7.092943415045738220e-04 -5.240911841392517090e-01 1.000000000000000000e+00 1.000000000000000000e+00
9.000000000000003553e-01 9.811639785766601562e-02 5.350196268409490585e-03 8.005155832506716251e-04 -5.401098728179931641e-01 1.000000000000000000e+00 1.000000000000000000e+00
1.000000000000000000e+00 1.090178042650222778e-01 5.365821532905101776e-03 8.913481724448502064e-04 -5.569124221801757812e-01 1.000000000000000000e+00 1.000000000000000000e+00
1.100000000000001421e+00 nan nan nan nan 1.000000000000000000e+00 1.000000000000000000e+00
1.200000000000001066e+00 1.307633519172668457e-01 5.401009228080511093e-03 1.086315955035388470e-03 -5.922469496726989746e-01 1.000000000000000000e+00 1.000000000000000000e+00
1.300000000000000711e+00 1.416030228137969971e-01 5.420431029051542282e-03 1.191694405861198902e-03 -6.109943985939025879e-01 1.000000000000000000e+00 1.000000000000000000e+00
1.400000000000000355e+00 1.524460017681121826e-01 5.441885441541671753e-03 1.297133159823715687e-03 -6.304774284362792969e-01 1.000000000000000000e+00 1.000000000000000000e+00
1.500000000000000000e+00 1.632832586765289307e-01 5.466465838253498077e-03 1.403896021656692028e-03 -6.505386829376220703e-01 1.000000000000000000e+00 1.000000000000000000e+00
1.600000000000001421e+00 1.741279214620590210e-01 5.493841134011745453e-03 1.509333960711956024e-03 -6.715257167816162109e-01 1.000000000000000000e+00 1.000000000000000000e+00
1.700000000000001066e+00 1.849745661020278931e-01 5.524611100554466248e-03 1.614171080291271210e-03 -6.933035254478454590e-01 1.000000000000000000e+00 1.000000000000000000e+00
1.800000000000000711e+00 1.957841813564300537e-01 5.556066054850816727e-03 1.728113624267280102e-03 -7.156230807304382324e-01 1.000000000000000000e+00 1.000000000000000000e+00
1.900000000000000355e+00 2.065502256155014038e-01 5.587581545114517212e-03 1.853278139606118202e-03 -7.390130758285522461e-01 1.000000000000000000e+00 1.000000000000000000e+00
2.000000000000000000e+00 nan nan nan nan 1.000000000000000000e+00 1.000000000000000000e+00
2.100000000000001421e+00 nan nan nan nan 1.000000000000000000e+00 1.000000000000000000e+00
2.200000000000001066e+00 2.388954162597656250e-01 5.706399213522672653e-03 2.214387292042374611e-03 -8.137886524200439453e-01 1.000000000000000000e+00 1.000000000000000000e+00
2.300000000000000711e+00 2.495946139097213745e-01 5.746775306761264801e-03 2.357115037739276886e-03 -8.400229215621948242e-01 1.000000000000000000e+00 1.000000000000000000e+00
2.400000000000000355e+00 2.603263854980468750e-01 5.792709998786449432e-03 2.490076702088117599e-03 -8.676842451095581055e-01 1.000000000000000000e+00 1.000000000000000000e+00
2.500000000000000000e+00 2.710954844951629639e-01 5.843977443873882294e-03 2.611692063510417938e-03 -8.957350850105285645e-01 1.000000000000000000e+00 1.000000000000000000e+00
2.600000000000001421e+00 2.817192077636718750e-01 5.892256740480661392e-03 2.772742882370948792e-03 -9.249392151832580566e-01 1.000000000000000000e+00 1.000000000000000000e+00
2.700000000000001066e+00 2.923952937126159668e-01 5.946240387856960297e-03 2.917967038229107857e-03 -9.545537233352661133e-01 1.000000000000000000e+00 1.000000000000000000e+00
2.800000000000000711e+00 3.030709624290466309e-01 6.004841066896915436e-03 3.060573013499379158e-03 -9.855902791023254395e-01 1.000000000000000000e+00 1.000000000000000000e+00
2.900000000000000355e+00 3.136392831802368164e-01 6.062289699912071228e-03 3.233655355870723724e-03 -1.016711235046386719e+00 1.000000000000000000e+00 1.000000000000000000e+00
3.000000000000000000e+00 3.242874443531036377e-01 6.127031054347753525e-03 3.379463450983166695e-03 -1.049490213394165039e+00 1.000000000000000000e+00 1.000000000000000000e+00
3.100000000000001421e+00 3.347939848899841309e-01 6.190712563693523407e-03 3.566212952136993408e-03 -1.082411170005798340e+00 1.000000000000000000e+00 1.000000000000000000e+00
3.200000000000001066e+00 3.453648686408996582e-01 6.260036025196313858e-03 3.729894990101456642e-03 -1.116536140441894531e+00 1.000000000000000000e+00 1.000000000000000000e+00
3.300000000000000711e+00 3.558342158794403076e-01 6.330660078674554825e-03 3.921782132238149643e-03 -1.151398539543151855e+00 1.000000000000000000e+00 1.000000000000000000e+00
3.400000000000000355e+00 3.663397133350372314e-01 6.405277177691459656e-03 4.099157173186540604e-03 -1.186584234237670898e+00 1.000000000000000000e+00 1.000000000000000000e+00
3.500000000000000000e+00 3.767585754394531250e-01 6.481723859906196594e-03 4.300876986235380173e-03 -1.223484158515930176e+00 1.000000000000000000e+00 1.000000000000000000e+00
3.600000000000001421e+00 3.872101008892059326e-01 6.562158465385437012e-03 4.486721009016036987e-03 -1.260716199874877930e+00 1.000000000000000000e+00 1.000000000000000000e+00
3.700000000000001066e+00 3.976094722747802734e-01 6.643740460276603699e-03 4.692926537245512009e-03 -1.298414349555969238e+00 1.000000000000000000e+00 1.000000000000000000e+00
3.800000000000000711e+00 4.079920649528503418e-01 6.729634013026952744e-03 4.887732211500406265e-03 -1.337788939476013184e+00 1.000000000000000000e+00 1.000000000000000000e+00
3.900000000000000355e+00 4.184923470020294189e-01 6.816618144512176514e-03 5.071035120636224747e-03 -1.377712249755859375e+00 1.000000000000000000e+00 1.000000000000000000e+00
4.000000000000000000e+00 4.288187921047210693e-01 6.906667724251747131e-03 5.277781747281551361e-03 -1.417607665061950684e+00 1.000000000000000000e+00 1.000000000000000000e+00
4.100000000000001421e+00 4.394897818565368652e-01 6.999787874519824982e-03 5.412497092038393021e-03 -1.460245609283447266e+00 1.000000000000000000e+00 1.000000000000000000e+00
4.200000000000001066e+00 4.501119554042816162e-01 7.094818633049726486e-03 5.555584561079740524e-03 -1.503178715705871582e+00 1.000000000000000000e+00 1.000000000000000000e+00
4.300000000000000711e+00 4.604889452457427979e-01 7.191367447376251221e-03 5.742742680013179779e-03 -1.545957326889038086e+00 1.000000000000000000e+00 1.000000000000000000e+00
4.400000000000000355e+00 4.718562066555023193e-01 7.293771486729383469e-03 5.712279584258794785e-03 -1.591949343681335449e+00 1.000000000000000000e+00 1.000000000000000000e+00
4.500000000000000000e+00 4.827344119548797607e-01 7.396255154162645340e-03 5.785851273685693741e-03 -1.638418436050415039e+00 1.000000000000000000e+00 1.000000000000000000e+00
4.600000000000001421e+00 4.935401976108551025e-01 7.500710431486368179e-03 5.867575295269489288e-03 -1.685105562210083008e+00 1.000000000000000000e+00 1.000000000000000000e+00
4.700000000000001066e+00 5.056555867195129395e-01 7.612239103764295578e-03 5.652439780533313751e-03 -1.734952449798583984e+00 1.000000000000000000e+00 1.000000000000000000e+00
4.800000000000000711e+00 5.175847411155700684e-01 7.717987056821584702e-03 5.480632185935974121e-03 -1.786071300506591797e+00 1.000000000000000000e+00 1.000000000000000000e+00
4.900000000000000355e+00 5.288584828376770020e-01 7.821121253073215485e-03 5.454603582620620728e-03 -1.837157130241394043e+00 1.000000000000000000e+00 1.000000000000000000e+00
5.000000000000000000e+00 5.412366986274719238e-01 7.930368185043334961e-03 5.172525066882371902e-03 -1.891170620918273926e+00 1.000000000000000000e+00 1.000000000000000000e+00
5.100000000000001421e+00 5.543882250785827637e-01 8.045949041843414307e-03 4.708948079496622086e-03 -1.947414517402648926e+00 1.000000000000000000e+00 1.000000000000000000e+00
5.200000000000001066e+00 5.674191117286682129e-01 8.164613507688045502e-03 4.268997814506292343e-03 -2.004508972167968750e+00 1.000000000000000000e+00 1.000000000000000000e+00
5.300000000000000711e+00 5.803021192550659180e-01 8.287675678730010986e-03 3.857001895084977150e-03 -2.063622951507568359e+00 1.000000000000000000e+00 1.000000000000000000e+00
5.400000000000000355e+00 5.930796861648559570e-01 8.394497446715831757e-03 3.479678649455308914e-03 -2.123079538345336914e+00 1.000000000000000000e+00 1.000000000000000000e+00
5.500000000000000000e+00 6.056636571884155273e-01 8.504820987582206726e-03 3.142063040286302567e-03 -2.182556152343750000e+00 1.000000000000000000e+00 1.000000000000000000e+00
5.600000000000001421e+00 6.197096705436706543e-01 8.628658019006252289e-03 2.460331190377473831e-03 -2.246171236038208008e+00 1.000000000000000000e+00 1.000000000000000000e+00
5.700000000000001066e+00 6.336995959281921387e-01 8.749209344387054443e-03 1.793056260794401169e-03 -2.311405897140502930e+00 1.000000000000000000e+00 1.000000000000000000e+00
5.800000000000000711e+00 6.476618647575378418e-01 8.857112377882003784e-03 1.142343273386359215e-03 -2.378884553909301758e+00 1.000000000000000000e+00 1.000000000000000000e+00
5.900000000000000355e+00 6.614225506782531738e-01 8.980550803244113922e-03 5.240960163064301014e-04 -2.446384668350219727e+00 1.000000000000000000e+00 1.000000000000000000e+00
6.000000000000000000e+00 6.751274466514587402e-01 9.092891588807106018e-03 -7.439203182002529502e-05 -2.514432430267333984e+00 1.000000000000000000e+00 1.000000000000000000e+00
6.100000000000001421e+00 6.887138485908508301e-01 9.204650297760963440e-03 -6.449018837884068489e-04 -2.582710504531860352e+00 1.000000000000000000e+00 1.000000000000000000e+00
6.199999999999999289e+00 7.020848989486694336e-01 9.328212589025497437e-03 -1.178394304588437080e-03 -2.651013135910034180e+00 1.000000000000000000e+00 1.000000000000000000e+00
6.300000000000000711e+00 7.154160737991333008e-01 9.432259947061538696e-03 -1.686907606199383736e-03 -2.722228050231933594e+00 1.000000000000000000e+00 1.000000000000000000e+00
6.400000000000002132e+00 7.284045219421386719e-01 9.559812955558300018e-03 -2.137636067345738411e-03 -2.793614864349365234e+00 1.000000000000000000e+00 1.000000000000000000e+00
6.500000000000000000e+00 7.417479157447814941e-01 9.661471471190452576e-03 -2.648624125868082047e-03 -2.866710662841796875e+00 1.000000000000000000e+00 1.000000000000000000e+00
6.600000000000001421e+00 7.554880976676940918e-01 9.786024689674377441e-03 -3.271374385803937912e-03 -2.941612720489501953e+00 1.000000000000000000e+00 1.000000000000000000e+00
6.699999999999999289e+00 7.692759037017822266e-01 9.890810586512088776e-03 -3.888329025357961655e-03 -3.017289161682128906e+00 1.000000000000000000e+00 1.000000000000000000e+00
6.800000000000000711e+00 7.829067707061767578e-01 1.000975258648395538e-02 -4.484057892113924026e-03 -3.093236446380615234e+00 1.000000000000000000e+00 1.000000000000000000e+00
6.900000000000002132e+00 7.964962720870971680e-01 1.012629736214876175e-02 -5.065849050879478455e-03 -3.169674396514892578e+00 1.000000000000000000e+00 1.000000000000000000e+00
7.000000000000000000e+00 8.100729584693908691e-01 1.023345440626144409e-02 -5.641011521220207214e-03 -3.250055551528930664e+00 1.000000000000000000e+00 1.000000000000000000e+00
7.100000000000001421e+00 8.233982920646667480e-01 1.037569623440504074e-02 -6.184279918670654297e-03 -3.330028295516967773e+00 1.000000000000000000e+00 1.000000000000000000e+00
7.199999999999999289e+00 8.369645476341247559e-01 1.046935748308897018e-02 -6.747385021299123764e-03 -3.411781787872314453e+00 1.000000000000000000e+00 1.000000000000000000e+00
7.300000000000000711e+00 nan nan nan nan 1.000000000000000000e+00 1.000000000000000000e+00
7.400000000000002132e+00 8.636023402214050293e-01 1.072851661592721939e-02 -7.816807366907596588e-03 -3.575402498245239258e+00 1.000000000000000000e+00 1.000000000000000000e+00
7.500000000000000000e+00 8.769965767860412598e-01 1.082831714302301407e-02 -8.347967639565467834e-03 -3.658619165420532227e+00 1.000000000000000000e+00 1.000000000000000000e+00
7.600000000000001421e+00 8.853740096092224121e-01 1.092973537743091583e-02 -7.821731269359588623e-03 -3.725377798080444336e+00 1.000000000000000000e+00 1.000000000000000000e+00
7.699999999999999289e+00 8.935364484786987305e-01 1.105429418385028839e-02 -7.261903025209903717e-03 -3.791597843170166016e+00 1.000000000000000000e+00 1.000000000000000000e+00
7.800000000000000711e+00 9.019573330879211426e-01 1.115314196795225143e-02 -6.735987961292266846e-03 -3.859867811203002930e+00 1.000000000000000000e+00 1.000000000000000000e+00
7.900000000000002132e+00 9.104700684547424316e-01 1.124376989901065826e-02 -6.225635763257741928e-03 -3.931303024291992188e+00 1.000000000000000000e+00 1.000000000000000000e+00
8.000000000000000000e+00 9.188419580459594727e-01 1.135012693703174591e-02 -5.696713458746671677e-03 -4.002789020538330078e+00 1.000000000000000000e+00 1.000000000000000000e+00
8.100000000000001421e+00 9.270130991935729980e-01 1.147872209548950195e-02 -5.138121545314788818e-03 -4.073813438415527344e+00 1.000000000000000000e+00 1.000000000000000000e+00
8.199999999999999289e+00 9.353105425834655762e-01 1.159804966300725937e-02 -4.594831727445125580e-03 -4.145375251770019531e+00 1.000000000000000000e+00 1.000000000000000000e+00
8.300000000000000711e+00 9.439237713813781738e-01 1.168893091380596161e-02 -4.101695492863655090e-03 -4.219029903411865234e+00 1.000000000000000000e+00 1.000000000000000000e+00
8.400000000000002132e+00 9.524060487747192383e-01 1.179611869156360626e-02 -3.592448541894555092e-03 -4.292677402496337891e+00 1.000000000000000000e+00 1.000000000000000000e+00
8.500000000000000000e+00 9.607753753662109375e-01 1.191770099103450775e-02 -3.069860627874732018e-03 -4.366394996643066406e+00 1.000000000000000000e+00 1.000000000000000000e+00
8.600000000000001421e+00 9.688739180564880371e-01 1.206985209137201309e-02 -2.507387660443782806e-03 -4.438979625701904297e+00 1.000000000000000000e+00 1.000000000000000000e+00
8.699999999999999289e+00 9.774110317230224609e-01 1.218459382653236389e-02 -2.010706812143325806e-03 -4.513696670532226562e+00 1.000000000000000000e+00 1.000000000000000000e+00
8.800000000000000711e+00 9.861444830894470215e-01 1.228467840701341629e-02 -1.549173612147569656e-03 -4.590090274810791016e+00 1.000000000000000000e+00 1.000000000000000000e+00
8.900000000000002132e+00 9.947934746742248535e-01 1.239731814712285995e-02 -1.081234542652964592e-03 -4.666790008544921875e+00 1.000000000000000000e+00 1.000000000000000000e+00
9.000000000000000000e+00 1.003332972526550293e+00 1.252490840852260590e-02 -6.029698415659368038e-04 -4.743629932403564453e+00 1.000000000000000000e+00 1.000000000000000000e+00
9.100000000000001421e+00 1.011616826057434082e+00 1.268201693892478943e-02 -9.006428444990888238e-05 -4.821604251861572266e+00 1.000000000000000000e+00 1.000000000000000000e+00
9.200000000000002842e+00 1.020039796829223633e+00 1.283132098615169525e-02 4.027441318612545729e-04 -4.901038169860839844e+00 1.000000000000000000e+00 1.000000000000000000e+00
9.300000000000000711e+00 1.028963327407836914e+00 1.293747033923864365e-02 8.160868310369551182e-04 -4.983757019042968750e+00 1.000000000000000000e+00 1.000000000000000000e+00
9.400000000000002132e+00 1.037800550460815430e+00 1.305466145277023315e-02 1.237313961610198021e-03 -5.066677570343017578e+00 1.000000000000000000e+00 1.000000000000000000e+00
9.500000000000000000e+00 1.046528220176696777e+00 1.318334322422742844e-02 1.670301076956093311e-03 -5.149764060974121094e+00 1.000000000000000000e+00 1.000000000000000000e+00
9.600000000000001421e+00 1.055127501487731934e+00 1.332770474255084991e-02 2.116343472152948380e-03 -5.232810020446777344e+00 1.000000000000000000e+00 1.000000000000000000e+00
9.700000000000002842e+00 1.063457608222961426e+00 1.350340154021978378e-02 2.596383914351463318e-03 -5.314620971679687500e+00 1.000000000000000000e+00 1.000000000000000000e+00
9.800000000000000711e+00 1.071819186210632324e+00 1.368352118879556656e-02 3.069267608225345612e-03 -5.396227836608886719e+00 1.000000000000000000e+00 1.000000000000000000e+00
9.900000000000002132e+00 1.080931782722473145e+00 1.379894278943538666e-02 3.426037961617112160e-03 -5.482694625854492188e+00 1.000000000000000000e+00 1.000000000000000000e+00
1.000000000000000000e+01 1.089983582496643066e+00 1.392609067261219025e-02 3.782713552936911583e-03 -5.569522857666015625e+00 1.000000000000000000e+00 1.000000000000000000e+00
1.010000000000000142e+01 1.099020719528198242e+00 1.406000275164842606e-02 4.132132977247238159e-03 -5.657088756561279297e+00 1.000000000000000000e+00 1.000000000000000000e+00
1.020000000000000284e+01 1.107964634895324707e+00 1.420785300433635712e-02 4.485941957682371140e-03 -5.744891643524169922e+00 1.000000000000000000e+00 1.000000000000000000e+00
1.030000000000000071e+01 1.116720318794250488e+00 1.437850203365087509e-02 4.858704283833503723e-03 -5.832164764404296875e+00 1.000000000000000000e+00 1.000000000000000000e+00
1.040000000000000213e+01 1.125029444694519043e+00 1.459667645394802094e-02 5.289115477353334427e-03 -5.916703224182128906e+00 1.000000000000000000e+00 1.000000000000000000e+00
1.050000000000000000e+01 1.133810281753540039e+00 1.477271225303411484e-02 5.654579028487205505e-03 -6.003644943237304688e+00 1.000000000000000000e+00 1.000000000000000000e+00
1.060000000000000142e+01 1.143024206161499023e+00 1.490918546915054321e-02 5.956002976745367050e-03 -6.093829154968261719e+00 1.000000000000000000e+00 1.000000000000000000e+00
1.070000000000000284e+01 1.152130961418151855e+00 1.505757216364145279e-02 6.266074720770120621e-03 -6.187673091888427734e+00 1.000000000000000000e+00 1.000000000000000000e+00
1.080000000000000071e+01 1.161178827285766602e+00 1.521255914121866226e-02 6.577880587428808212e-03 -6.282032489776611328e+00 1.000000000000000000e+00 1.000000000000000000e+00
1.090000000000000213e+01 1.170168519020080566e+00 1.537364162504673004e-02 6.891474593430757523e-03 -6.376884937286376953e+00 1.000000000000000000e+00 1.000000000000000000e+00
1.100000000000000000e+01 1.178991556167602539e+00 1.555091422051191330e-02 7.221751846373081207e-03 -6.471467971801757812e+00 1.000000000000000000e+00 1.000000000000000000e+00
1.110000000000000142e+01 1.187544822692871094e+00 1.575367152690887451e-02 7.583039812743663788e-03 -6.564939498901367188e+00 1.000000000000000000e+00 1.000000000000000000e+00
1.120000000000000284e+01 1.195550084114074707e+00 1.600724831223487854e-02 8.013643324375152588e-03 -6.654996395111083984e+00 1.000000000000000000e+00 1.000000000000000000e+00
1.130000000000000071e+01 1.203888177871704102e+00 1.622827537357807159e-02 8.402525447309017181e-03 -6.746910572052001953e+00 1.000000000000000000e+00 1.000000000000000000e+00
1.140000000000000213e+01 1.212968826293945312e+00 1.637911610305309296e-02 8.692103438079357147e-03 -6.844452381134033203e+00 1.000000000000000000e+00 1.000000000000000000e+00
1.150000000000000000e+01 1.221888184547424316e+00 1.654336787760257721e-02 8.998140692710876465e-03 -6.941763877868652344e+00 1.000000000000000000e+00 1.000000000000000000e+00
1.160000000000000142e+01 1.230698108673095703e+00 1.671583950519561768e-02 9.313453920185565948e-03 -7.039258480072021484e+00 1.000000000000000000e+00 1.000000000000000000e+00
1.170000000000000284e+01 1.239424705505371094e+00 1.689377427101135254e-02 9.634663350880146027e-03 -7.137133598327636719e+00 1.000000000000000000e+00 1.000000000000000000e+00
1.180000000000000071e+01 1.248053193092346191e+00 1.707822084426879883e-02 9.964026510715484619e-03 -7.235254764556884766e+00 1.000000000000000000e+00 1.000000000000000000e+00
1.190000000000000213e+01 1.256436467170715332e+00 1.728215813636779785e-02 1.032051257789134979e-02 -7.332508563995361328e+00 1.000000000000000000e+00 1.000000000000000000e+00
1.200000000000000000e+01 1.264465332031250000e+00 1.751450076699256897e-02 1.071859337389469147e-02 -7.427932262420654297e+00 1.000000000000000000e+00 1.000000000000000000e+00
1.210000000000000142e+01 1.271897912025451660e+00 1.779490336775779724e-02 1.118982955813407898e-02 -7.519443035125732422e+00 1.000000000000000000e+00 1.000000000000000000e+00
1.220000000000000284e+01 1.278743863105773926e+00 1.811983995139598846e-02 1.173522509634494781e-02 -7.606473445892333984e+00 1.000000000000000000e+00 1.000000000000000000e+00
1.230000000000000071e+01 1.287290096282958984e+00 1.829692721366882324e-02 1.207124814391136169e-02 -7.705485343933105469e+00 1.000000000000000000e+00 1.000000000000000000e+00
1.240000000000000213e+01 1.295595645904541016e+00 1.849075034260749817e-02 1.243409328162670135e-02 -7.803550720214843750e+00 1.000000000000000000e+00 1.000000000000000000e+00
1.250000000000000000e+01 1.303706526756286621e+00 1.869678311049938202e-02 1.281745918095111847e-02 -7.901059627532958984e+00 1.000000000000000000e+00 1.000000000000000000e+00
1.260000000000000142e+01 1.311661243438720703e+00 1.891129463911056519e-02 1.321624871343374252e-02 -7.998326778411865234e+00 1.000000000000000000e+00 1.000000000000000000e+00
1.270000000000000284e+01 1.319482445716857910e+00 1.913191564381122589e-02 1.362747419625520706e-02 -8.096300125122070312e+00 1.000000000000000000e+00 1.000000000000000000e+00
1.280000000000000071e+01 1.327176809310913086e+00 1.935782842338085175e-02 1.405026204884052277e-02 -8.197179794311523438e+00 1.000000000000000000e+00 1.000000000000000000e+00
1.290000000000000213e+01 1.334727644920349121e+00 1.958966441452503204e-02 1.448668260127305984e-02 -8.297924041748046875e+00 1.000000000000000000e+00 1.000000000000000000e+00
1.300000000000000000e+01 1.342046380043029785e+00 1.983391121029853821e-02 1.494707912206649780e-02 -8.397913932800292969e+00 1.000000000000000000e+00 1.000000000000000000e+00
1.310000000000000142e+01 1.348966717720031738e+00 2.010216377675533295e-02 1.545108761638402939e-02 -8.495903015136718750e+00 1.000000000000000000e+00 1.000000000000000000e+00
1.320000000000000284e+01 1.355330705642700195e+00 2.040445432066917419e-02 1.601784676313400269e-02 -8.590569496154785156e+00 1.000000000000000000e+00 1.000000000000000000e+00
1.330000000000000071e+01 1.360699892044067383e+00 2.076852135360240936e-02 1.670084893703460693e-02 -8.678439140319824219e+00 1.000000000000000000e+00 1.000000000000000000e+00
1.340000000000000213e+01 1.365069985389709473e+00 2.118320018053054810e-02 1.750858128070831299e-02 -8.759119987487792969e+00 1.000000000000000000e+00 1.000000000000000000e+00
1.350000000000000000e+01 1.371831059455871582e+00 2.139742486178874969e-02 1.806697435677051544e-02 -8.857559204101562500e+00 1.000000000000000000e+00 1.000000000000000000e+00
1.360000000000000142e+01 1.377892971038818359e+00 2.163008600473403931e-02 1.873109489679336548e-02 -8.952205657958984375e+00 1.000000000000000000e+00 1.000000000000000000e+00
1.370000000000000284e+01 1.383496046066284180e+00 2.188083715736865997e-02 1.945104449987411499e-02 -9.044455528259277344e+00 1.000000000000000000e+00 1.000000000000000000e+00
1.380000000000000071e+01 1.388812899589538574e+00 2.214844152331352234e-02 2.019041217863559723e-02 -9.135315895080566406e+00 1.000000000000000000e+00 1.000000000000000000e+00
1.390000000000000213e+01 1.393915534019470215e+00 2.243105322122573853e-02 2.093329466879367828e-02 -9.225207328796386719e+00 1.000000000000000000e+00 1.000000000000000000e+00
1.400000000000000000e+01 1.398862838745117188e+00 2.272886037826538086e-02 2.166667580604553223e-02 -9.314455986022949219e+00 1.000000000000000000e+00 1.000000000000000000e+00
1.410000000000000142e+01 1.403644919395446777e+00 2.304184436798095703e-02 2.239055559039115906e-02 -9.402967453002929688e+00 1.000000000000000000e+00 1.000000000000000000e+00
1.420000000000000284e+01 1.408279776573181152e+00 2.337037026882171631e-02 2.310000546276569366e-02 -9.490825653076171875e+00 1.000000000000000000e+00 1.000000000000000000e+00
1.430000000000000071e+01 1.412759780883789062e+00 2.371487207710742950e-02 2.379474788904190063e-02 -9.578014373779296875e+00 1.000000000000000000e+00 1.000000000000000000e+00
1.440000000000000213e+01 1.417047858238220215e+00 2.407850511372089386e-02 2.447655983269214630e-02 -9.664233207702636719e+00 1.000000000000000000e+00 1.000000000000000000e+00
1.450000000000000000e+01 1.421083569526672363e+00 2.446652948856353760e-02 2.514781989157199860e-02 -9.748978614807128906e+00 1.000000000000000000e+00 1.000000000000000000e+00
1.460000000000000142e+01 1.424666404724121094e+00 2.489096112549304962e-02 2.582437545061111450e-02 -9.830739974975585938e+00 1.000000000000000000e+00 1.000000000000000000e+00
1.470000000000000284e+01 1.427768707275390625e+00 2.535960078239440918e-02 2.649877406656742096e-02 -9.909125328063964844e+00 1.000000000000000000e+00 1.000000000000000000e+00
1.480000000000000071e+01 1.430185914039611816e+00 2.588602714240550995e-02 2.718233130872249603e-02 -9.982464790344238281e+00 1.000000000000000000e+00 1.000000000000000000e+00
1.490000000000000213e+01 1.431742787361145020e+00 2.649006061255931854e-02 2.787085063755512238e-02 -1.004916286468505859e+01 1.000000000000000000e+00 1.000000000000000000e+00
1.500000000000000000e+01 1.432152748107910156e+00 2.719669602811336517e-02 2.856709249317646027e-02 -1.010680866241455078e+01 1.000000000000000000e+00 1.000000000000000000e+00
1.510000000000000142e+01 1.431994795799255371e+00 2.797443419694900513e-02 2.921341359615325928e-02 -1.015934658050537109e+01 1.000000000000000000e+00 1.000000000000000000e+00
1.520000000000000284e+01 1.435746788978576660e+00 2.847988717257976532e-02 2.959889546036720276e-02 -1.024102306365966797e+01 1.000000000000000000e+00 1.000000000000000000e+00
1.530000000000000071e+01 1.439103960990905762e+00 2.902725152671337128e-02 2.996609359979629517e-02 -1.031987285614013672e+01 1.000000000000000000e+00 1.000000000000000000e+00
1.540000000000000213e+01 1.442126154899597168e+00 2.961830794811248779e-02 3.030258603394031525e-02 -1.039626407623291016e+01 1.000000000000000000e+00 1.000000000000000000e+00
1.550000000000000000e+01 1.444848418235778809e+00 3.025340102612972260e-02 3.060052730143070221e-02 -1.047041416168212891e+01 1.000000000000000000e+00 1.000000000000000000e+00
1.560000000000000142e+01 1.447246313095092773e+00 3.093238547444343567e-02 3.086123615503311157e-02 -1.054215240478515625e+01 1.000000000000000000e+00 1.000000000000000000e+00
1.570000000000000284e+01 1.449364900588989258e+00 3.165651857852935791e-02 3.107648342847824097e-02 -1.061174678802490234e+01 1.000000000000000000e+00 1.000000000000000000e+00
1.580000000000000071e+01 1.451253294944763184e+00 3.242688253521919250e-02 3.123809397220611572e-02 -1.067949199676513672e+01 1.000000000000000000e+00 1.000000000000000000e+00
1.590000000000000213e+01 1.452901244163513184e+00 3.324474394321441650e-02 3.134347498416900635e-02 -1.074527931213378906e+01 1.000000000000000000e+00 1.000000000000000000e+00
1.600000000000000000e+01 1.454287886619567871e+00 3.410995379090309143e-02 3.139572590589523315e-02 -1.080899238586425781e+01 1.000000000000000000e+00 1.000000000000000000e+00
1.610000000000000142e+01 1.455463886260986328e+00 3.502237796783447266e-02 3.138908743858337402e-02 -1.087094211578369141e+01 1.000000000000000000e+00 1.000000000000000000e+00
1.620000000000000284e+01 1.456419229507446289e+00 3.598626703023910522e-02 3.131825104355812073e-02 -1.093097400665283203e+01 1.000000000000000000e+00 1.000000000000000000e+00
1.630000000000000071e+01 1.457140326499938965e+00 3.700612485408782959e-02 3.118133358657360077e-02 -1.099077415466308594e+01 1.000000000000000000e+00 1.000000000000000000e+00
1.640000000000000213e+01 1.457564353942871094e+00 3.808436170220375061e-02 3.098451532423496246e-02 -1.104857921600341797e+01 1.000000000000000000e+00 1.000000000000000000e+00
1.650000000000000000e+01 1.457642436027526855e+00 3.922811895608901978e-02 3.072071634232997894e-02 -1.110321521759033203e+01 1.000000000000000000e+00 1.000000000000000000e+00
1.660000000000000142e+01 1.457427859306335449e+00 4.043958336114883423e-02 3.038696572184562683e-02 -1.115499305725097656e+01 1.000000000000000000e+00 1.000000000000000000e+00
1.670000000000000284e+01 1.456826448440551758e+00 4.172929748892784119e-02 2.997720055282115936e-02 -1.120302677154541016e+01 1.000000000000000000e+00 1.000000000000000000e+00
1.680000000000000071e+01 1.455816388130187988e+00 4.310189932584762573e-02 2.949591912329196930e-02 -1.124705219268798828e+01 1.000000000000000000e+00 1.000000000000000000e+00
1.690000000000000213e+01 1.454239606857299805e+00 4.456816241145133972e-02 2.894008904695510864e-02 -1.128564548492431641e+01 1.000000000000000000e+00 1.000000000000000000e+00
1.700000000000000000e+01 1.452118039131164551e+00 4.614118114113807678e-02 2.829845994710922241e-02 -1.131874752044677734e+01 1.000000000000000000e+00 1.000000000000000000e+00
1.710000000000000142e+01 1.449408411979675293e+00 4.782684892416000366e-02 2.756957337260246277e-02 -1.134583950042724609e+01 1.000000000000000000e+00 1.000000000000000000e+00
1.720000000000000284e+01 1.445982813835144043e+00 4.963982105255126953e-02 2.674787864089012146e-02 -1.136566257476806641e+01 1.000000000000000000e+00 1.000000000000000000e+00
1.730000000000000071e+01 1.441764712333679199e+00 5.159148573875427246e-02 2.583644352853298187e-02 -1.137742424011230469e+01 1.000000000000000000e+00 1.000000000000000000e+00
1.740000000000000213e+01 1.436811923980712891e+00 5.367438495159149170e-02 2.483680471777915955e-02 -1.138145065307617188e+01 1.000000000000000000e+00 1.000000000000000000e+00
1.750000000000000000e+01 1.431149601936340332e+00 5.588929727673530579e-02 2.374915964901447296e-02 -1.137779617309570312e+01 1.000000000000000000e+00 1.000000000000000000e+00
1.760000000000000142e+01 1.424777626991271973e+00 5.824220553040504456e-02 2.257828786969184875e-02 -1.136633872985839844e+01 1.000000000000000000e+00 1.000000000000000000e+00
1.770000000000000284e+01 1.417631149291992188e+00 6.071615591645240784e-02 2.134293504059314728e-02 -1.134656333923339844e+01 1.000000000000000000e+00 1.000000000000000000e+00
1.780000000000000071e+01 1.409835457801818848e+00 6.331840902566909790e-02 2.003488317131996155e-02 -1.131929683685302734e+01 1.000000000000000000e+00 1.000000000000000000e+00
1.790000000000000213e+01 1.401430010795593262e+00 6.604073196649551392e-02 1.865934953093528748e-02 -1.128479194641113281e+01 1.000000000000000000e+00 1.000000000000000000e+00
1.800000000000000000e+01 1.392472147941589355e+00 6.885908544063568115e-02 1.723752915859222412e-02 -1.124363231658935547e+01 1.000000000000000000e+00 1.000000000000000000e+00
1.810000000000000142e+01 1.383038520812988281e+00 7.177588343620300293e-02 1.576972007751464844e-02 -1.119636535644531250e+01 1.000000000000000000e+00 1.000000000000000000e+00
1.820000000000000284e+01 1.373191952705383301e+00 7.479221373796463013e-02 1.424301974475383759e-02 -1.114326381683349609e+01 1.000000000000000000e+00 1.000000000000000000e+00
1.830000000000000071e+01 1.206319689750671387e+00 9.129713475704193115e-02 1.398457959294319153e-02 -9.819377899169921875e+00 1.000000000000000000e+00 1.000000000000000000e+00
1.840000000000000213e+01 1.352557301521301270e+00 8.104520291090011597e-02 1.108035538345575333e-02 -1.102255058288574219e+01 1.000000000000000000e+00 1.000000000000000000e+00
1.850000000000000000e+01 1.341847658157348633e+00 8.427299559116363525e-02 9.447116404771804810e-03 -1.095546627044677734e+01 1.000000000000000000e+00 1.000000000000000000e+00
1.860000000000000142e+01 1.331015467643737793e+00 8.755856752395629883e-02 7.777846883982419968e-03 -1.088500404357910156e+01 1.000000000000000000e+00 1.000000000000000000e+00
1.870000000000000284e+01 1.320168495178222656e+00 9.085723757743835449e-02 6.099468097090721130e-03 -1.081243991851806641e+01 1.000000000000000000e+00 1.000000000000000000e+00
1.880000000000000071e+01 1.309158682823181152e+00 9.420359879732131958e-02 4.394640680402517319e-03 -1.073611640930175781e+01 1.000000000000000000e+00 1.000000000000000000e+00
1.890000000000000213e+01 1.298279881477355957e+00 9.757041186094284058e-02 2.669565379619598389e-03 -1.065874195098876953e+01 1.000000000000000000e+00 1.000000000000000000e+00
1.900000000000000000e+01 1.287593126296997070e+00 1.009286716580390930e-01 9.323011618107557297e-04 -1.058099555969238281e+01 1.000000000000000000e+00 1.000000000000000000e+00
1.910000000000000142e+01 1.277111411094665527e+00 1.042676270008087158e-01 -8.002875838428735733e-04 -1.050324916839599609e+01 1.000000000000000000e+00 1.000000000000000000e+00
1.920000000000000284e+01 1.266889333724975586e+00 1.075797975063323975e-01 -2.531552221626043320e-03 -1.042597866058349609e+01 1.000000000000000000e+00 1.000000000000000000e+00
1.930000000000000071e+01 1.257060647010803223e+00 1.108570396900177002e-01 -4.265434108674526215e-03 -1.035037899017333984e+01 1.000000000000000000e+00 1.000000000000000000e+00
1.940000000000000213e+01 1.247695446014404297e+00 1.140926703810691833e-01 -5.994811188429594040e-03 -1.027730274200439453e+01 1.000000000000000000e+00 1.000000000000000000e+00
1.950000000000000000e+01 1.238840699195861816e+00 1.172368749976158142e-01 -7.695760577917098999e-03 -1.020773315429687500e+01 1.000000000000000000e+00 1.000000000000000000e+00
1.960000000000000142e+01 1.230496883392333984e+00 1.202903687953948975e-01 -9.363629855215549469e-03 -1.014184951782226562e+01 1.000000000000000000e+00 1.000000000000000000e+00
1.970000000000000284e+01 1.222392559051513672e+00 1.233436912298202515e-01 -1.105284597724676132e-02 -1.007596874237060547e+01 1.000000000000000000e+00 1.000000000000000000e+00
1.980000000000000071e+01 1.215090632438659668e+00 1.262566298246383667e-01 -1.268816646188497543e-02 -1.001720333099365234e+01 1.000000000000000000e+00 1.000000000000000000e+00
1.990000000000000213e+01 1.208298087120056152e+00 1.290913373231887817e-01 -1.430207863450050354e-02 -9.962009429931640625e+00 1.000000000000000000e+00 1.000000000000000000e+00
2.000000000000000000e+01 9.076551795005798340e-01 2.068639099597930908e-01 -6.115077435970306396e-02 -4.739087104797363281e+00 1.000000000000000000e+00 1.000000000000000000e+00
2.010000000000000142e+01 1.196113348007202148e+00 1.346269696950912476e-01 -1.751530915498733521e-02 -9.860556602478027344e+00 1.000000000000000000e+00 1.000000000000000000e+00
2.020000000000000284e+01 9.168772101402282715e-01 2.080007940530776978e-01 -6.225058063864707947e-02 -4.892542839050292969e+00 1.000000000000000000e+00 1.000000000000000000e+00
2.030000000000000071e+01 1.184835553169250488e+00 1.401002407073974609e-01 -2.076905965805053711e-02 -9.760623931884765625e+00 1.000000000000000000e+00 1.000000000000000000e+00
2.040000000000000213e+01 1.179293036460876465e+00 1.428581178188323975e-01 -2.244867570698261261e-02 -9.707822799682617188e+00 1.000000000000000000e+00 1.000000000000000000e+00
2.050000000000000000e+01 1.174405455589294434e+00 1.455049514770507812e-01 -2.408027462661266327e-02 -9.661277770996093750e+00 1.000000000000000000e+00 1.000000000000000000e+00
2.060000000000000142e+01 1.169305801391601562e+00 1.482258737087249756e-01 -2.578209154307842255e-02 -9.609070777893066406e+00 1.000000000000000000e+00 1.000000000000000000e+00
2.070000000000000284e+01 1.164817810058593750e+00 1.508039236068725586e-01 -2.741855941712856293e-02 -9.563305854797363281e+00 1.000000000000000000e+00 1.000000000000000000e+00
2.080000000000000071e+01 1.159925103187561035e+00 1.535032391548156738e-01 -2.914091013371944427e-02 -9.509284019470214844e+00 1.000000000000000000e+00 1.000000000000000000e+00
2.090000000000000213e+01 1.155846714973449707e+00 1.560322642326354980e-01 -3.077512606978416443e-02 -9.464703559875488281e+00 1.000000000000000000e+00 1.000000000000000000e+00
2.100000000000000000e+01 1.151124835014343262e+00 1.587318181991577148e-01 -3.254468739032745361e-02 -9.407710075378417969e+00 1.000000000000000000e+00 1.000000000000000000e+00
2.110000000000000142e+01 1.147338628768920898e+00 1.612493544816970825e-01 -3.420896455645561218e-02 -9.362120628356933594e+00 1.000000000000000000e+00 1.000000000000000000e+00
2.120000000000000284e+01 1.143024325370788574e+00 1.639143377542495728e-01 -3.599038347601890564e-02 -9.305564880371093750e+00 1.000000000000000000e+00 1.000000000000000000e+00
2.130000000000000071e+01 1.139257669448852539e+00 1.664704531431198120e-01 -3.771984204649925232e-02 -9.254848480224609375e+00 1.000000000000000000e+00 1.000000000000000000e+00
2.140000000000000213e+01 nan nan nan nan 1.000000000000000000e+00 1.000000000000000000e+00
2.150000000000000000e+01 1.131614565849304199e+00 1.716645658016204834e-01 -4.128895327448844910e-02 -9.143272399902343750e+00 1.000000000000000000e+00 1.000000000000000000e+00
2.160000000000000142e+01 1.128415942192077637e+00 1.741427779197692871e-01 -4.300585016608238220e-02 -9.094136238098144531e+00 1.000000000000000000e+00 1.000000000000000000e+00
2.170000000000000284e+01 1.124302983283996582e+00 1.768508553504943848e-01 -4.489172622561454773e-02 -9.026813507080078125e+00 1.000000000000000000e+00 1.000000000000000000e+00
2.180000000000000071e+01 1.120984792709350586e+00 1.793861985206604004e-01 -4.667275398969650269e-02 -8.970345497131347656e+00 1.000000000000000000e+00 1.000000000000000000e+00
2.190000000000000213e+01 1.117525935173034668e+00 1.819492429494857788e-01 -4.850465431809425354e-02 -8.908421516418457031e+00 1.000000000000000000e+00 1.000000000000000000e+00
2.200000000000000000e+01 1.113760471343994141e+00 1.846512258052825928e-01 -5.042422190308570862e-02 -8.837498664855957031e+00 1.000000000000000000e+00 1.000000000000000000e+00
2.210000000000000142e+01 1.110891222953796387e+00 1.871360391378402710e-01 -5.221410468220710754e-02 -8.780038833618164062e+00 1.000000000000000000e+00 1.000000000000000000e+00
2.220000000000000284e+01 nan nan nan nan 1.000000000000000000e+00 1.000000000000000000e+00
2.230000000000000426e+01 1.103787899017333984e+00 1.925346851348876953e-01 -5.612207576632499695e-02 -8.629176139831542969e+00 1.000000000000000000e+00 1.000000000000000000e+00
2.239999999999999858e+01 1.100318670272827148e+00 1.952992826700210571e-01 -5.810558050870895386e-02 -8.549612998962402344e+00 1.000000000000000000e+00 1.000000000000000000e+00
2.250000000000000000e+01 nan nan nan nan 1.000000000000000000e+00 1.000000000000000000e+00
2.260000000000000142e+01 1.016036629676818848e+00 2.245776802301406860e-01 -7.754150778055191040e-02 -6.478342056274414062e+00 1.000000000000000000e+00 1.000000000000000000e+00
2.270000000000000284e+01 1.020585894584655762e+00 2.250159233808517456e-01 -7.808837294578552246e-02 -6.561439037322998047e+00 1.000000000000000000e+00 1.000000000000000000e+00
2.280000000000000426e+01 1.026600241661071777e+00 2.250021547079086304e-01 -7.833114266395568848e-02 -6.686419963836669922e+00 1.000000000000000000e+00 1.000000000000000000e+00
2.289999999999999858e+01 1.086663126945495605e+00 2.082529217004776001e-01 -6.763284653425216675e-02 -8.177586555480957031e+00 1.000000000000000000e+00 1.000000000000000000e+00
2.300000000000000000e+01 1.084831833839416504e+00 2.106236368417739868e-01 -6.940859556198120117e-02 -8.113948822021484375e+00 1.000000000000000000e+00 1.000000000000000000e+00
2.310000000000000142e+01 1.084979772567749023e+00 2.123835831880569458e-01 -7.080087065696716309e-02 -8.094408035278320312e+00 1.000000000000000000e+00 1.000000000000000000e+00
2.320000000000000284e+01 1.085524082183837891e+00 2.141051441431045532e-01 -7.212579995393753052e-02 -8.082894325256347656e+00 1.000000000000000000e+00 1.000000000000000000e+00
2.330000000000000426e+01 nan nan nan nan 1.000000000000000000e+00 1.000000000000000000e+00
2.339999999999999858e+01 nan nan nan nan 1.000000000000000000e+00 1.000000000000000000e+00
2.350000000000000000e+01 nan nan nan nan 1.000000000000000000e+00 1.000000000000000000e+00
2.360000000000000142e+01 nan nan nan nan 1.000000000000000000e+00 1.000000000000000000e+00
2.370000000000000284e+01 nan nan nan nan 1.000000000000000000e+00 1.000000000000000000e+00
2.380000000000000426e+01 nan nan nan nan 1.000000000000000000e+00 1.000000000000000000e+00
2.389999999999999858e+01 nan nan nan nan 1.000000000000000000e+00 1.000000000000000000e+00
2.400000000000000000e+01 nan nan nan nan 1.000000000000000000e+00 1.000000000000000000e+00
2.410000000000000142e+01 nan nan nan nan 1.000000000000000000e+00 1.000000000000000000e+00
2.420000000000000284e+01 nan nan nan nan 1.000000000000000000e+00 1.000000000000000000e+00
2.430000000000000426e+01 6.283916234970092773e-01 2.567184567451477051e-01 -5.619189888238906860e-02 -1.432294607162475586e+00 1.000000000000000000e+00 1.000000000000000000e+00
2.439999999999999858e+01 nan nan nan nan 1.000000000000000000e+00 1.000000000000000000e+00
2.450000000000000000e+01 nan nan nan nan 1.000000000000000000e+00 1.000000000000000000e+00
2.460000000000000142e+01 nan nan nan nan 1.000000000000000000e+00 1.000000000000000000e+00
2.470000000000000284e+01 nan nan nan nan 1.000000000000000000e+00 1.000000000000000000e+00
2.480000000000000426e+01 nan nan nan nan 1.000000000000000000e+00 1.000000000000000000e+00
2.489999999999999858e+01 nan nan nan nan 1.000000000000000000e+00 1.000000000000000000e+00
2.500000000000000000e+01 nan nan nan nan 1.000000000000000000e+00 1.000000000000000000e+00
