# ------------------------------
# XFoil Interface for Python
# ------------------------------
# 
# Airfoil,naca0018
# Reynolds number,1200000.0
# Ncrit,9.0
# Mach,0.0
# n_node,250
# max_iter, 300
# ------------------------------
# alpha_deg, cl, cd, cm, cpmin, top_xtr, bot_xtr
-1.000000000000000000e+01 nan nan nan nan 1.000000000000000000e+00 1.000000000000000000e+00
-9.900000000000000355e+00 -1.073448181152343750e+00 1.325597986578941345e-02 -6.910014897584915161e-03 -3.432980298995971680e+00 1.000000000000000000e+00 1.000000000000000000e+00
-9.800000000000000711e+00 -1.061048388481140137e+00 1.310953684151172638e-02 -7.298454642295837402e-03 -3.381417512893676758e+00 1.000000000000000000e+00 1.000000000000000000e+00
-9.699999999999999289e+00 -1.048347473144531250e+00 1.296537835150957108e-02 -7.745963986963033676e-03 -3.329503774642944336e+00 1.000000000000000000e+00 1.000000000000000000e+00
-9.599999999999999645e+00 -1.035656452178955078e+00 1.279969606548547745e-02 -8.214146830141544342e-03 -3.277926921844482422e+00 1.000000000000000000e+00 1.000000000000000000e+00
-9.500000000000000000e+00 -1.022400498390197754e+00 1.266561541706323624e-02 -8.764637634158134460e-03 -3.225343704223632812e+00 1.000000000000000000e+00 1.000000000000000000e+00
-9.400000000000000355e+00 -1.009299039840698242e+00 1.250333804637193680e-02 -9.310912340879440308e-03 -3.173620939254760742e+00 1.000000000000000000e+00 1.000000000000000000e+00
-9.300000000000000711e+00 -9.958868622779846191e-01 1.235378161072731018e-02 -9.907904081046581268e-03 -3.122689247131347656e+00 1.000000000000000000e+00 1.000000000000000000e+00
-9.199999999999999289e+00 -9.822405576705932617e-01 1.221618894487619400e-02 -1.053894683718681335e-02 -3.071558713912963867e+00 1.000000000000000000e+00 1.000000000000000000e+00
-9.099999999999999645e+00 -9.688517451286315918e-01 1.205324940383434296e-02 -1.114176306873559952e-02 -3.021295070648193359e+00 1.000000000000000000e+00 1.000000000000000000e+00
-9.000000000000000000e+00 -9.552191495895385742e-01 1.192529220134019852e-02 -1.175594050437211990e-02 -2.970734596252441406e+00 1.000000000000000000e+00 1.000000000000000000e+00
-8.900000000000000355e+00 -9.438563585281372070e-01 1.177651528269052505e-02 -1.190229784697294235e-02 -2.925088167190551758e+00 1.000000000000000000e+00 1.000000000000000000e+00
-8.800000000000000711e+00 -9.324787259101867676e-01 1.164538320153951645e-02 -1.202789135277271271e-02 -2.880322694778442383e+00 1.000000000000000000e+00 1.000000000000000000e+00
-8.699999999999999289e+00 -9.204960465431213379e-01 1.151977200061082840e-02 -1.227217353880405426e-02 -2.835072755813598633e+00 1.000000000000000000e+00 1.000000000000000000e+00
-8.599999999999999645e+00 -9.084475636482238770e-01 1.137250475585460663e-02 -1.255204714834690094e-02 -2.789977312088012695e+00 1.000000000000000000e+00 1.000000000000000000e+00
-8.500000000000000000e+00 -8.960010409355163574e-01 1.125693041831254959e-02 -1.287889201194047928e-02 -2.744280099868774414e+00 1.000000000000000000e+00 1.000000000000000000e+00
-8.400000000000000355e+00 -8.844432234764099121e-01 1.111337542533874512e-02 -1.304127834737300873e-02 -2.700609445571899414e+00 1.000000000000000000e+00 1.000000000000000000e+00
-8.300000000000000711e+00 -8.750530481338500977e-01 1.100394036620855331e-02 -1.270382013171911240e-02 -2.661617994308471680e+00 1.000000000000000000e+00 1.000000000000000000e+00
-8.199999999999999289e+00 -8.644480705261230469e-01 1.089125871658325195e-02 -1.262068562209606171e-02 -2.621206998825073242e+00 1.000000000000000000e+00 1.000000000000000000e+00
-8.099999999999999645e+00 -8.538504242897033691e-01 1.076113712042570114e-02 -1.254693232476711273e-02 -2.581031084060668945e+00 1.000000000000000000e+00 1.000000000000000000e+00
-8.000000000000000000e+00 -8.435031771659851074e-01 1.066454499959945679e-02 -1.238951086997985840e-02 -2.541444063186645508e+00 1.000000000000000000e+00 1.000000000000000000e+00
-7.900000000000000355e+00 -8.344985246658325195e-01 1.054638344794511795e-02 -1.196625176817178726e-02 -2.504550933837890625e+00 1.000000000000000000e+00 1.000000000000000000e+00
-7.799999999999999822e+00 -8.246840238571166992e-01 1.043909694999456406e-02 -1.169303897768259048e-02 -2.466696977615356445e+00 1.000000000000000000e+00 1.000000000000000000e+00
-7.699999999999999289e+00 -8.144720792770385742e-01 1.033870689570903778e-02 -1.149440184235572815e-02 -2.428976774215698242e+00 1.000000000000000000e+00 1.000000000000000000e+00
-7.599999999999999645e+00 -8.055830597877502441e-01 1.022948697209358215e-02 -1.104054041206836700e-02 -2.393776416778564453e+00 1.000000000000000000e+00 1.000000000000000000e+00
-7.500000000000000000e+00 -7.958587408065795898e-01 1.014100201427936554e-02 -1.072741486132144928e-02 -2.357222795486450195e+00 1.000000000000000000e+00 1.000000000000000000e+00
-7.400000000000000355e+00 -7.861694097518920898e-01 1.002938952296972275e-02 -1.042091101408004761e-02 -2.320963144302368164e+00 1.000000000000000000e+00 1.000000000000000000e+00
-7.299999999999999822e+00 -7.767517566680908203e-01 9.935959242284297943e-03 -1.006515976041555405e-02 -2.285984277725219727e+00 1.000000000000000000e+00 1.000000000000000000e+00
-7.199999999999999289e+00 -7.670271396636962891e-01 9.847779758274555206e-03 -9.751944802701473236e-03 -2.250946521759033203e+00 1.000000000000000000e+00 1.000000000000000000e+00
-7.099999999999999645e+00 -7.573950290679931641e-01 9.742390364408493042e-03 -9.427216835319995880e-03 -2.216247320175170898e+00 1.000000000000000000e+00 1.000000000000000000e+00
-7.000000000000000000e+00 -7.474699616432189941e-01 9.664797224104404449e-03 -9.162929840385913849e-03 -2.181209087371826172e+00 1.000000000000000000e+00 1.000000000000000000e+00
-6.900000000000000355e+00 -7.378713488578796387e-01 9.562058374285697937e-03 -8.837644010782241821e-03 -2.147267818450927734e+00 1.000000000000000000e+00 1.000000000000000000e+00
-6.799999999999999822e+00 -7.279425859451293945e-01 9.477262385189533234e-03 -8.558116853237152100e-03 -2.113490104675292969e+00 1.000000000000000000e+00 1.000000000000000000e+00
-6.699999999999999289e+00 -7.179560065269470215e-01 9.391822852194309235e-03 -8.313149213790893555e-03 -2.079825639724731445e+00 1.000000000000000000e+00 1.000000000000000000e+00
-6.599999999999999645e+00 -7.081073522567749023e-01 9.299865923821926117e-03 -8.032114244997501373e-03 -2.046528339385986328e+00 1.000000000000000000e+00 1.000000000000000000e+00
-6.500000000000000000e+00 -6.978695988655090332e-01 9.233865886926651001e-03 -7.803737185895442963e-03 -2.013129711151123047e+00 1.000000000000000000e+00 1.000000000000000000e+00
-6.400000000000000355e+00 -6.879838109016418457e-01 9.133416227996349335e-03 -7.550626527518033981e-03 -1.981039166450500488e+00 1.000000000000000000e+00 1.000000000000000000e+00
-6.299999999999999822e+00 -6.777766346931457520e-01 9.061912074685096741e-03 -7.327188737690448761e-03 -1.948542833328247070e+00 1.000000000000000000e+00 1.000000000000000000e+00
-6.199999999999999289e+00 -6.676980853080749512e-01 8.979619480669498444e-03 -7.086015306413173676e-03 -1.916433095932006836e+00 1.000000000000000000e+00 1.000000000000000000e+00
-6.099999999999999645e+00 -6.574549674987792969e-01 8.900482207536697388e-03 -6.886598188430070877e-03 -1.884920001029968262e+00 1.000000000000000000e+00 1.000000000000000000e+00
-6.000000000000000000e+00 -6.471604704856872559e-01 8.833385072648525238e-03 -6.677653640508651733e-03 -1.853647232055664062e+00 1.000000000000000000e+00 1.000000000000000000e+00
-5.899999999999999467e+00 -6.369910836219787598e-01 8.751054294407367706e-03 -6.461910903453826904e-03 -1.822735071182250977e+00 1.000000000000000000e+00 1.000000000000000000e+00
-5.799999999999999822e+00 -6.264450550079345703e-01 8.692539297044277191e-03 -6.305866874754428864e-03 -1.791755914688110352e+00 1.000000000000000000e+00 1.000000000000000000e+00
-5.700000000000000178e+00 -6.163720488548278809e-01 8.611611090600490570e-03 -6.063636858016252518e-03 -1.762116551399230957e+00 1.000000000000000000e+00 1.000000000000000000e+00
-5.599999999999999645e+00 -6.058196425437927246e-01 8.548127487301826477e-03 -5.916512105613946915e-03 -1.731925964355468750e+00 1.000000000000000000e+00 1.000000000000000000e+00
-5.500000000000000000e+00 -5.954867005348205566e-01 8.477679453790187836e-03 -5.724443122744560242e-03 -1.702426671981811523e+00 1.000000000000000000e+00 1.000000000000000000e+00
-5.399999999999999467e+00 -5.850848555564880371e-01 8.415300399065017700e-03 -5.541053600609302521e-03 -1.673542857170104980e+00 1.000000000000000000e+00 1.000000000000000000e+00
-5.299999999999999822e+00 -5.744820237159729004e-01 8.355261757969856262e-03 -5.400887690484523773e-03 -1.644538640975952148e+00 1.000000000000000000e+00 1.000000000000000000e+00
-5.199999999999999289e+00 -5.641797780990600586e-01 8.289557881653308868e-03 -5.199535284191370010e-03 -1.616321921348571777e+00 1.000000000000000000e+00 1.000000000000000000e+00
-5.099999999999999645e+00 -5.533972382545471191e-01 8.242135867476463318e-03 -5.088080186396837234e-03 -1.588128209114074707e+00 1.000000000000000000e+00 1.000000000000000000e+00
-5.000000000000000000e+00 -5.430910587310791016e-01 8.170047774910926819e-03 -4.895034711807966232e-03 -1.560722708702087402e+00 1.000000000000000000e+00 1.000000000000000000e+00
-4.899999999999999467e+00 -5.324380993843078613e-01 8.124209009110927582e-03 -4.755057394504547119e-03 -1.533364057540893555e+00 1.000000000000000000e+00 1.000000000000000000e+00
-4.799999999999999822e+00 -5.218954086303710938e-01 8.061207830905914307e-03 -4.606224130839109421e-03 -1.506660580635070801e+00 1.000000000000000000e+00 1.000000000000000000e+00
-4.699999999999999289e+00 -5.113877654075622559e-01 8.016039617359638214e-03 -4.436219111084938049e-03 -1.480096340179443359e+00 1.000000000000000000e+00 1.000000000000000000e+00
-4.599999999999999645e+00 -5.006168484687805176e-01 7.962509989738464355e-03 -4.328887909650802612e-03 -1.453999996185302734e+00 1.000000000000000000e+00 1.000000000000000000e+00
-4.500000000000000000e+00 -4.901295006275177002e-01 7.910304702818393707e-03 -4.161737859249114990e-03 -1.428443670272827148e+00 1.000000000000000000e+00 1.000000000000000000e+00
-4.399999999999999467e+00 -4.792603254318237305e-01 7.872779853641986847e-03 -4.063679836690425873e-03 -1.402800202369689941e+00 1.000000000000000000e+00 1.000000000000000000e+00
-4.299999999999999822e+00 -4.687921106815338135e-01 7.813975214958190918e-03 -3.898689756169915199e-03 -1.378215074539184570e+00 1.000000000000000000e+00 1.000000000000000000e+00
-4.199999999999999289e+00 -4.579862058162689209e-01 7.780153769999742508e-03 -3.786519169807434082e-03 -1.353323459625244141e+00 1.000000000000000000e+00 1.000000000000000000e+00
-4.099999999999999645e+00 -4.473684430122375488e-01 7.726757787168025970e-03 -3.649160265922546387e-03 -1.329436302185058594e+00 1.000000000000000000e+00 1.000000000000000000e+00
-4.000000000000000000e+00 -4.366810917854309082e-01 7.692584302276372910e-03 -3.514812793582677841e-03 -1.305585741996765137e+00 1.000000000000000000e+00 1.000000000000000000e+00
-3.899999999999999467e+00 -4.258705675601959229e-01 7.648063823580741882e-03 -3.411299316212534904e-03 -1.282138943672180176e+00 1.000000000000000000e+00 1.000000000000000000e+00
-3.799999999999999822e+00 -4.152969717979431152e-01 7.612788584083318710e-03 -3.256607335060834885e-03 -1.259284257888793945e+00 1.000000000000000000e+00 1.000000000000000000e+00
-3.699999999999999289e+00 -4.043020308017730713e-01 7.577346637845039368e-03 -3.185007954016327858e-03 -1.236329317092895508e+00 1.000000000000000000e+00 1.000000000000000000e+00
-3.599999999999999645e+00 -3.937664031982421875e-01 7.536413613706827164e-03 -3.027244005352258682e-03 -1.214357256889343262e+00 1.000000000000000000e+00 1.000000000000000000e+00
-3.500000000000000000e+00 -3.827450573444366455e-01 7.508026435971260071e-03 -2.958029275760054588e-03 -1.192090034484863281e+00 1.000000000000000000e+00 1.000000000000000000e+00
-3.399999999999999467e+00 -3.721592724323272705e-01 7.467609364539384842e-03 -2.810638630762696266e-03 -1.170872807502746582e+00 1.000000000000000000e+00 1.000000000000000000e+00
-3.299999999999999822e+00 -3.612326383590698242e-01 7.438071072101593018e-03 -2.724693622440099716e-03 -1.149432897567749023e+00 1.000000000000000000e+00 1.000000000000000000e+00
-3.199999999999999289e+00 -3.504817485809326172e-01 7.405973039567470551e-03 -2.605879446491599083e-03 -1.128822326660156250e+00 1.000000000000000000e+00 1.000000000000000000e+00
-3.099999999999999645e+00 -3.396517336368560791e-01 7.374903187155723572e-03 -2.503073774278163910e-03 -1.108216166496276855e+00 1.000000000000000000e+00 1.000000000000000000e+00
-3.000000000000000000e+00 -3.287399113178253174e-01 7.351382169872522354e-03 -2.411938039585947990e-03 -1.088188171386718750e+00 1.000000000000000000e+00 1.000000000000000000e+00
-2.899999999999999467e+00 -3.180057406425476074e-01 7.318369578570127487e-03 -2.292627468705177307e-03 -1.068426728248596191e+00 1.000000000000000000e+00 1.000000000000000000e+00
-2.799999999999999822e+00 -3.069412708282470703e-01 7.302466314285993576e-03 -2.228158060461282730e-03 -1.048946738243103027e+00 1.000000000000000000e+00 1.000000000000000000e+00
-2.699999999999999289e+00 -2.962955832481384277e-01 7.268380839377641678e-03 -2.093258313834667206e-03 -1.029992341995239258e+00 1.000000000000000000e+00 1.000000000000000000e+00
-2.599999999999999645e+00 -2.852584123611450195e-01 7.247704546898603439e-03 -2.026424743235111237e-03 -1.011229276657104492e+00 1.000000000000000000e+00 1.000000000000000000e+00
-2.500000000000000000e+00 -2.745228409767150879e-01 7.224558852612972260e-03 -1.904939301311969757e-03 -9.928813576698303223e-01 1.000000000000000000e+00 1.000000000000000000e+00
-2.399999999999999467e+00 -2.635177671909332275e-01 7.199074607342481613e-03 -1.834490336477756500e-03 -9.748212695121765137e-01 1.000000000000000000e+00 1.000000000000000000e+00
-2.299999999999999822e+00 -2.526926398277282715e-01 7.186828646808862686e-03 -1.726774615235626698e-03 -9.570609927177429199e-01 1.000000000000000000e+00 1.000000000000000000e+00
-2.199999999999999289e+00 -2.417202740907669067e-01 7.156312465667724609e-03 -1.652373117394745350e-03 -9.396803379058837891e-01 1.000000000000000000e+00 1.000000000000000000e+00
-2.099999999999999645e+00 -2.307929545640945435e-01 7.153846789151430130e-03 -1.561449258588254452e-03 -9.224784970283508301e-01 1.000000000000000000e+00 1.000000000000000000e+00
-2.000000000000000000e+00 -2.198714166879653931e-01 7.119390182197093964e-03 -1.479078666307032108e-03 -9.057663679122924805e-01 1.000000000000000000e+00 1.000000000000000000e+00
-1.900000000000000355e+00 -2.089028358459472656e-01 7.116523571312427521e-03 -1.396766165271401405e-03 -8.891617655754089355e-01 1.000000000000000000e+00 1.000000000000000000e+00
-1.799999999999998934e+00 -1.979723870754241943e-01 7.087857928127050400e-03 -1.314636552706360817e-03 -8.730324506759643555e-01 1.000000000000000000e+00 1.000000000000000000e+00
-1.699999999999999289e+00 -1.870290338993072510e-01 7.080314680933952332e-03 -1.229625428095459938e-03 -8.570615053176879883e-01 1.000000000000000000e+00 1.000000000000000000e+00
-1.599999999999999645e+00 -1.760303974151611328e-01 7.061643060296773911e-03 -1.157794380560517311e-03 -8.414337038993835449e-01 1.000000000000000000e+00 1.000000000000000000e+00
-1.500000000000000000e+00 -1.651061326265335083e-01 7.049175444990396500e-03 -1.070968573912978172e-03 -8.260705471038818359e-01 1.000000000000000000e+00 1.000000000000000000e+00
-1.400000000000000355e+00 -1.540450304746627808e-01 7.041012868285179138e-03 -1.008641906082630157e-03 -8.109176754951477051e-01 1.000000000000000000e+00 1.000000000000000000e+00
-1.299999999999998934e+00 -1.431449949741363525e-01 7.023186888545751572e-03 -9.188412805087864399e-04 -7.961463332176208496e-01 1.000000000000000000e+00 1.000000000000000000e+00
-1.199999999999999289e+00 -1.320304870605468750e-01 7.024911232292652130e-03 -8.649151423014700413e-04 -7.814421057701110840e-01 1.000000000000000000e+00 1.000000000000000000e+00
-1.099999999999999645e+00 -1.211515590548515320e-01 7.002132013440132141e-03 -7.722883019596338272e-04 -7.672406435012817383e-01 1.000000000000000000e+00 1.000000000000000000e+00
-1.000000000000000000e+00 -1.101344451308250427e-01 7.004220969974994659e-03 -7.012712885625660419e-04 -7.530610561370849609e-01 1.000000000000000000e+00 1.000000000000000000e+00
-9.000000000000003553e-01 -9.912526607513427734e-02 6.986070889979600906e-03 -6.315010250546038151e-04 -7.392993569374084473e-01 1.000000000000000000e+00 1.000000000000000000e+00
-7.999999999999989342e-01 -8.821384608745574951e-02 6.988710723817348480e-03 -5.418790969997644424e-04 -7.256393432617187500e-01 1.000000000000000000e+00 1.000000000000000000e+00
-6.999999999999992895e-01 -7.707232981920242310e-02 6.975277792662382126e-03 -4.954027244821190834e-04 -7.122727036476135254e-01 1.000000000000000000e+00 1.000000000000000000e+00
-5.999999999999996447e-01 -6.621452420949935913e-02 6.974815856665372849e-03 -3.967976663261651993e-04 -6.991617083549499512e-01 1.000000000000000000e+00 1.000000000000000000e+00
-5.000000000000000000e-01 -5.500236526131629944e-02 6.969064939767122269e-03 -3.624259261414408684e-04 -6.861125826835632324e-01 1.000000000000000000e+00 1.000000000000000000e+00
-3.999999999999985789e-01 -4.415488615632057190e-02 6.963240914046764374e-03 -2.625244960654526949e-04 -6.735044121742248535e-01 1.000000000000000000e+00 1.000000000000000000e+00
-2.999999999999989342e-01 -3.293921425938606262e-02 6.966290995478630066e-03 -2.284111687913537025e-04 -6.607811450958251953e-01 1.000000000000000000e+00 1.000000000000000000e+00
-1.999999999999992895e-01 -2.208025194704532623e-02 6.956051103770732880e-03 -1.308007631450891495e-04 -6.486446857452392578e-01 1.000000000000000000e+00 1.000000000000000000e+00
-9.999999999999964473e-02 -1.098133251070976257e-02 6.961275823414325714e-03 -7.586917490698397160e-05 -6.363857388496398926e-01 1.000000000000000000e+00 1.000000000000000000e+00
0.000000000000000000e+00 7.718622896391025279e-08 6.953432690352201462e-03 -1.555942219511052826e-08 -6.245365142822265625e-01 1.000000000000000000e+00 1.000000000000000000e+00
1.000000000000014211e-01 1.098136045038700104e-02 6.961273960769176483e-03 7.586297579109668732e-05 -6.363857388496398926e-01 1.000000000000000000e+00 1.000000000000000000e+00
2.000000000000010658e-01 2.208034135401248932e-02 6.956047378480434418e-03 1.307808706769719720e-04 -6.486447453498840332e-01 1.000000000000000000e+00 1.000000000000000000e+00
3.000000000000007105e-01 3.293955326080322266e-02 6.966286804527044296e-03 2.283377834828570485e-04 -6.607813835144042969e-01 1.000000000000000000e+00 1.000000000000000000e+00
4.000000000000003553e-01 4.415533319115638733e-02 6.963235326111316681e-03 2.624255721457302570e-04 -6.735047101974487305e-01 1.000000000000000000e+00 1.000000000000000000e+00
5.000000000000000000e-01 5.500302091240882874e-02 6.969057489186525345e-03 3.622797084972262383e-04 -6.861129999160766602e-01 1.000000000000000000e+00 1.000000000000000000e+00
6.000000000000014211e-01 6.621544063091278076e-02 6.974806077778339386e-03 3.965931828133761883e-04 -6.991623044013977051e-01 1.000000000000000000e+00 1.000000000000000000e+00
7.000000000000010658e-01 7.707358896732330322e-02 6.975267082452774048e-03 4.951209994032979012e-04 -7.122735381126403809e-01 1.000000000000000000e+00 1.000000000000000000e+00
8.000000000000007105e-01 8.821551501750946045e-02 6.988698150962591171e-03 5.415076157078146935e-04 -7.256404757499694824e-01 1.000000000000000000e+00 1.000000000000000000e+00
9.000000000000003553e-01 9.912730753421783447e-02 6.986058782786130905e-03 6.310442695394158363e-04 -7.393007874488830566e-01 1.000000000000000000e+00 1.000000000000000000e+00
1.000000000000000000e+00 1.101370751857757568e-01 7.004206534475088120e-03 7.006851956248283386e-04 -7.530629038810729980e-01 1.000000000000000000e+00 1.000000000000000000e+00
1.100000000000001421e+00 1.211546808481216431e-01 7.002116180956363678e-03 7.715915562584996223e-04 -7.672429084777832031e-01 1.000000000000000000e+00 1.000000000000000000e+00
1.200000000000001066e+00 1.320342421531677246e-01 7.024894468486309052e-03 8.640779415145516396e-04 -7.814447879791259766e-01 1.000000000000000000e+00 1.000000000000000000e+00
1.300000000000000711e+00 1.431493759155273438e-01 7.023168727755546570e-03 9.178620530292391777e-04 -7.961495518684387207e-01 1.000000000000000000e+00 1.000000000000000000e+00
1.400000000000000355e+00 1.540500968694686890e-01 7.041004952043294907e-03 1.007507671602070332e-03 -8.109214305877685547e-01 1.000000000000000000e+00 1.000000000000000000e+00
1.500000000000000000e+00 1.651119887828826904e-01 7.049154490232467651e-03 1.069663441739976406e-03 -8.260749578475952148e-01 1.000000000000000000e+00 1.000000000000000000e+00
1.600000000000001421e+00 1.760370731353759766e-01 7.061625830829143524e-03 1.156304846517741680e-03 -8.414387702941894531e-01 1.000000000000000000e+00 1.000000000000000000e+00
1.700000000000001066e+00 1.870365887880325317e-01 7.080291863530874252e-03 1.227940665557980537e-03 -8.570673465728759766e-01 1.000000000000000000e+00 1.000000000000000000e+00
1.800000000000000711e+00 1.979808807373046875e-01 7.087839767336845398e-03 1.312742941081523895e-03 -8.730390667915344238e-01 1.000000000000000000e+00 1.000000000000000000e+00
1.900000000000000355e+00 2.089123278856277466e-01 7.116494234651327133e-03 1.394651946611702442e-03 -8.891693949699401855e-01 1.000000000000000000e+00 1.000000000000000000e+00
2.000000000000000000e+00 2.198819518089294434e-01 7.119371090084314346e-03 1.476732781156897545e-03 -9.057748317718505859e-01 1.000000000000000000e+00 1.000000000000000000e+00
2.100000000000001421e+00 2.308044731616973877e-01 7.153830491006374359e-03 1.558877294883131981e-03 -9.224879741668701172e-01 1.000000000000000000e+00 1.000000000000000000e+00
2.200000000000001066e+00 2.417330741882324219e-01 7.156294770538806915e-03 1.649519894272089005e-03 -9.396909475326538086e-01 1.000000000000000000e+00 1.000000000000000000e+00
2.300000000000000711e+00 2.527065873146057129e-01 7.186818402260541916e-03 1.723661203868687153e-03 -9.570728540420532227e-01 1.000000000000000000e+00 1.000000000000000000e+00
2.400000000000000355e+00 2.635331749916076660e-01 7.199053652584552765e-03 1.831062952987849712e-03 -9.748344421386718750e-01 1.000000000000000000e+00 1.000000000000000000e+00
2.500000000000000000e+00 2.745394110679626465e-01 7.224548142403364182e-03 1.901242998428642750e-03 -9.928959608078002930e-01 1.000000000000000000e+00 1.000000000000000000e+00
2.600000000000001421e+00 2.852766513824462891e-01 7.247682195156812668e-03 2.022373257204890251e-03 -1.011245369911193848e+00 1.000000000000000000e+00 1.000000000000000000e+00
2.700000000000001066e+00 2.963151037693023682e-01 7.268372457474470139e-03 2.088911132887005806e-03 -1.030009984970092773e+00 1.000000000000000000e+00 1.000000000000000000e+00
2.800000000000000711e+00 3.069625496864318848e-01 7.302444893866777420e-03 2.223432995378971100e-03 -1.048966169357299805e+00 1.000000000000000000e+00 1.000000000000000000e+00
2.900000000000000355e+00 3.180283308029174805e-01 7.318361196666955948e-03 2.287596929818391800e-03 -1.068447947502136230e+00 1.000000000000000000e+00 1.000000000000000000e+00
3.000000000000000000e+00 3.287640213966369629e-01 7.351390551775693893e-03 2.406559186056256294e-03 -1.088210821151733398e+00 1.000000000000000000e+00 1.000000000000000000e+00
3.100000000000001421e+00 3.396778404712677002e-01 7.374898064881563187e-03 2.497269771993160248e-03 -1.108241438865661621e+00 1.000000000000000000e+00 1.000000000000000000e+00
3.200000000000001066e+00 3.505094647407531738e-01 7.405983284115791321e-03 2.599708270281553268e-03 -1.128849267959594727e+00 1.000000000000000000e+00 1.000000000000000000e+00
3.300000000000000711e+00 3.612625002861022949e-01 7.438068743795156479e-03 2.718061208724975586e-03 -1.149462103843688965e+00 1.000000000000000000e+00 1.000000000000000000e+00
3.400000000000000355e+00 3.721905052661895752e-01 7.467608898878097534e-03 2.803691197186708450e-03 -1.170904159545898438e+00 1.000000000000000000e+00 1.000000000000000000e+00
3.500000000000000000e+00 3.827789723873138428e-01 7.508025038987398148e-03 2.950507914647459984e-03 -1.192124247550964355e+00 1.000000000000000000e+00 1.000000000000000000e+00
3.600000000000001421e+00 3.938018381595611572e-01 7.536435965448617935e-03 3.019362222403287888e-03 -1.214394092559814453e+00 1.000000000000000000e+00 1.000000000000000000e+00
3.700000000000001066e+00 4.043394923210144043e-01 7.577399723231792450e-03 3.176661208271980286e-03 -1.236368298530578613e+00 1.000000000000000000e+00 1.000000000000000000e+00
3.800000000000000711e+00 4.153370261192321777e-01 7.612814661115407944e-03 3.247720655053853989e-03 -1.259327173233032227e+00 1.000000000000000000e+00 1.000000000000000000e+00
3.900000000000000355e+00 4.259124398231506348e-01 7.648122031241655350e-03 3.401975380256772041e-03 -1.282184004783630371e+00 1.000000000000000000e+00 1.000000000000000000e+00
4.000000000000000000e+00 4.367257654666900635e-01 7.692613173276185989e-03 3.504907246679067612e-03 -1.305635213851928711e+00 1.000000000000000000e+00 1.000000000000000000e+00
4.100000000000001421e+00 4.474150240421295166e-01 7.726827170699834824e-03 3.638805123046040535e-03 -1.329488158226013184e+00 1.000000000000000000e+00 1.000000000000000000e+00
4.200000000000001066e+00 4.580359458923339844e-01 7.780186831951141357e-03 3.775508841499686241e-03 -1.353380560874938965e+00 1.000000000000000000e+00 1.000000000000000000e+00
4.300000000000000711e+00 4.688439667224884033e-01 7.814052514731884003e-03 3.887184429913759232e-03 -1.378274798393249512e+00 1.000000000000000000e+00 1.000000000000000000e+00
4.400000000000000355e+00 4.793142974376678467e-01 7.872901856899261475e-03 4.051671829074621201e-03 -1.402862548828125000e+00 1.000000000000000000e+00 1.000000000000000000e+00
4.500000000000000000e+00 4.901867508888244629e-01 7.910387590527534485e-03 4.149050451815128326e-03 -1.428511857986450195e+00 1.000000000000000000e+00 1.000000000000000000e+00
4.600000000000001421e+00 5.006761550903320312e-01 7.962643168866634369e-03 4.315696191042661667e-03 -1.454070925712585449e+00 1.000000000000000000e+00 1.000000000000000000e+00
4.700000000000001066e+00 nan nan nan nan 1.000000000000000000e+00 1.000000000000000000e+00
4.800000000000000711e+00 5.219604969024658203e-01 8.061351254582405090e-03 4.591774195432662964e-03 -1.506741166114807129e+00 1.000000000000000000e+00 1.000000000000000000e+00
4.900000000000000355e+00 5.325070023536682129e-01 8.124293759465217590e-03 4.739846568554639816e-03 -1.533449769020080566e+00 1.000000000000000000e+00 1.000000000000000000e+00
5.000000000000000000e+00 5.431623458862304688e-01 8.170199580490589142e-03 4.879242740571498871e-03 -1.560813903808593750e+00 1.000000000000000000e+00 1.000000000000000000e+00
5.100000000000001421e+00 5.534726381301879883e-01 8.242228999733924866e-03 5.071461666375398636e-03 -1.588225364685058594e+00 1.000000000000000000e+00 1.000000000000000000e+00
5.200000000000001066e+00 5.642576217651367188e-01 8.289725519716739655e-03 5.182307213544845581e-03 -1.616422653198242188e+00 1.000000000000000000e+00 1.000000000000000000e+00
5.300000000000000711e+00 5.745620131492614746e-01 8.355490863323211670e-03 5.383137147873640060e-03 -1.644645094871520996e+00 1.000000000000000000e+00 1.000000000000000000e+00
5.400000000000000355e+00 5.851690769195556641e-01 8.415447548031806946e-03 5.522472318261861801e-03 -1.673655748367309570e+00 1.000000000000000000e+00 1.000000000000000000e+00
5.500000000000000000e+00 5.955735445022583008e-01 8.477923460304737091e-03 5.705199670046567917e-03 -1.702543497085571289e+00 1.000000000000000000e+00 1.000000000000000000e+00
5.600000000000001421e+00 6.059110760688781738e-01 8.548283949494361877e-03 5.896375048905611038e-03 -1.732052803039550781e+00 1.000000000000000000e+00 1.000000000000000000e+00
5.700000000000001066e+00 6.164662241935729980e-01 8.611871860921382904e-03 6.042799912393093109e-03 -1.762247681617736816e+00 1.000000000000000000e+00 1.000000000000000000e+00
5.800000000000000711e+00 6.265440583229064941e-01 8.692692033946514130e-03 6.284087430685758591e-03 -1.791894793510437012e+00 1.000000000000000000e+00 1.000000000000000000e+00
5.900000000000000355e+00 6.370922923088073730e-01 8.751277811825275421e-03 6.439606193453073502e-03 -1.822881102561950684e+00 1.000000000000000000e+00 1.000000000000000000e+00
6.000000000000000000e+00 6.472645401954650879e-01 8.833736181259155273e-03 6.654597353190183640e-03 -1.853797793388366699e+00 1.000000000000000000e+00 1.000000000000000000e+00
6.100000000000001421e+00 6.575640439987182617e-01 8.900704793632030487e-03 6.862597074359655380e-03 -1.885079026222229004e+00 1.000000000000000000e+00 1.000000000000000000e+00
6.199999999999999289e+00 6.678096055984497070e-01 8.979950100183486938e-03 7.061429321765899658e-03 -1.916600465774536133e+00 1.000000000000000000e+00 1.000000000000000000e+00
6.300000000000000711e+00 6.778942346572875977e-01 9.062130935490131378e-03 7.301340810954570770e-03 -1.948720455169677734e+00 1.000000000000000000e+00 1.000000000000000000e+00
6.400000000000002132e+00 6.881036162376403809e-01 9.133725427091121674e-03 7.524256128817796707e-03 -1.981220960617065430e+00 1.000000000000000000e+00 1.000000000000000000e+00
6.500000000000000000e+00 6.979924440383911133e-01 9.234277531504631042e-03 7.776691578328609467e-03 -2.013316869735717773e+00 1.000000000000000000e+00 1.000000000000000000e+00
6.600000000000001421e+00 7.082359194755554199e-01 9.300155565142631531e-03 8.003848604857921600e-03 -2.046730279922485352e+00 1.000000000000000000e+00 1.000000000000000000e+00
6.699999999999999289e+00 7.180866599082946777e-01 9.392238222062587738e-03 8.284368552267551422e-03 -2.080031633377075195e+00 1.000000000000000000e+00 1.000000000000000000e+00
6.800000000000000711e+00 7.280804514884948730e-01 9.477538056671619415e-03 8.527832105755805969e-03 -2.113708972930908203e+00 1.000000000000000000e+00 1.000000000000000000e+00
6.900000000000002132e+00 7.380108833312988281e-01 9.562429971992969513e-03 8.806926198303699493e-03 -2.147490501403808594e+00 1.000000000000000000e+00 1.000000000000000000e+00
7.000000000000000000e+00 7.476165890693664551e-01 9.664989076554775238e-03 9.130959399044513702e-03 -2.181450366973876953e+00 1.000000000000000000e+00 1.000000000000000000e+00
7.100000000000001421e+00 7.575438022613525391e-01 9.742722846567630768e-03 9.394526481628417969e-03 -2.216493129730224609e+00 1.000000000000000000e+00 1.000000000000000000e+00
7.199999999999999289e+00 7.671772241592407227e-01 9.848234243690967560e-03 9.718914516270160675e-03 -2.251195430755615234e+00 1.000000000000000000e+00 1.000000000000000000e+00
7.300000000000000711e+00 7.769092321395874023e-01 9.936189278960227966e-03 1.003084611147642136e-02 -2.286247730255126953e+00 1.000000000000000000e+00 1.000000000000000000e+00
7.400000000000002132e+00 nan nan nan nan 1.000000000000000000e+00 1.000000000000000000e+00
7.500000000000000000e+00 7.960229516029357910e-01 1.014111377298831940e-02 1.069171167910099030e-02 -2.357506990432739258e+00 1.000000000000000000e+00 1.000000000000000000e+00
7.600000000000001421e+00 8.057499527931213379e-01 1.022973004728555679e-02 1.100422069430351257e-02 -2.394066810607910156e+00 1.000000000000000000e+00 1.000000000000000000e+00
7.699999999999999289e+00 8.146473169326782227e-01 1.033916138112545013e-02 1.145624835044145584e-02 -2.429282665252685547e+00 1.000000000000000000e+00 1.000000000000000000e+00
7.800000000000000711e+00 8.248533010482788086e-01 1.043915469199419022e-02 1.165635511279106140e-02 -2.466995000839233398e+00 1.000000000000000000e+00 1.000000000000000000e+00
7.900000000000002132e+00 8.346690535545349121e-01 1.054660044610500336e-02 1.192925963550806046e-02 -2.504859685897827148e+00 1.000000000000000000e+00 1.000000000000000000e+00
8.000000000000000000e+00 8.436877131462097168e-01 1.066449284553527832e-02 1.234986539930105209e-02 -2.541780710220336914e+00 1.000000000000000000e+00 1.000000000000000000e+00
8.100000000000001421e+00 8.540207743644714355e-01 1.076109148561954498e-02 1.251025218516588211e-02 -2.581343412399291992e+00 1.000000000000000000e+00 1.000000000000000000e+00
8.199999999999999289e+00 8.646165132522583008e-01 1.089129783213138580e-02 1.258439198136329651e-02 -2.621517181396484375e+00 1.000000000000000000e+00 1.000000000000000000e+00
8.300000000000000711e+00 8.752261996269226074e-01 1.100365817546844482e-02 1.266688667237758636e-02 -2.661939382553100586e+00 1.000000000000000000e+00 1.000000000000000000e+00
8.400000000000002132e+00 8.846231698989868164e-01 1.111324690282344818e-02 1.300276163965463638e-02 -2.700953006744384766e+00 1.000000000000000000e+00 1.000000000000000000e+00
8.500000000000000000e+00 8.961786031723022461e-01 1.125640328973531723e-02 1.284128800034523010e-02 -2.744621753692626953e+00 1.000000000000000000e+00 1.000000000000000000e+00
8.600000000000001421e+00 9.086226820945739746e-01 1.137206051498651505e-02 1.251492928713560104e-02 -2.790316104888916016e+00 1.000000000000000000e+00 1.000000000000000000e+00
8.699999999999999289e+00 9.206687211990356445e-01 1.151942554861307144e-02 1.223548315465450287e-02 -2.835408449172973633e+00 1.000000000000000000e+00 1.000000000000000000e+00
8.800000000000000711e+00 9.326527118682861328e-01 1.164464745670557022e-02 1.199129875749349594e-02 -2.880663871765136719e+00 1.000000000000000000e+00 1.000000000000000000e+00
8.900000000000002132e+00 9.440171122550964355e-01 1.177582982927560806e-02 1.186851132661104202e-02 -2.925412654876708984e+00 1.000000000000000000e+00 1.000000000000000000e+00
9.000000000000000000e+00 9.554224014282226562e-01 1.192438602447509766e-02 1.171326544135808945e-02 -2.971147060394287109e+00 1.000000000000000000e+00 1.000000000000000000e+00
9.100000000000001421e+00 9.690552949905395508e-01 1.205242052674293518e-02 1.109888218343257904e-02 -3.021710157394409180e+00 1.000000000000000000e+00 1.000000000000000000e+00
9.200000000000002842e+00 9.824427962303161621e-01 1.221556309610605240e-02 1.049618516117334366e-02 -3.071973085403442383e+00 1.000000000000000000e+00 1.000000000000000000e+00
9.300000000000000711e+00 9.960962533950805664e-01 1.235277950763702393e-02 9.864032268524169922e-03 -3.123121976852416992e+00 1.000000000000000000e+00 1.000000000000000000e+00
9.400000000000002132e+00 1.009510159492492676e+00 1.250249519944190979e-02 9.266499429941177368e-03 -3.174059391021728516e+00 1.000000000000000000e+00 1.000000000000000000e+00
9.500000000000000000e+00 1.022619843482971191e+00 1.266434416174888611e-02 8.718950673937797546e-03 -3.225813627243041992e+00 1.000000000000000000e+00 1.000000000000000000e+00
9.600000000000001421e+00 1.035876631736755371e+00 1.279857382178306580e-02 8.168127387762069702e-03 -3.278401136398315430e+00 1.000000000000000000e+00 1.000000000000000000e+00
9.700000000000002842e+00 1.048568367958068848e+00 1.296443957835435867e-02 7.699621375650167465e-03 -3.329981565475463867e+00 1.000000000000000000e+00 1.000000000000000000e+00
9.800000000000000711e+00 1.061276435852050781e+00 1.310809887945652008e-02 7.251156494021415710e-03 -3.381915092468261719e+00 1.000000000000000000e+00 1.000000000000000000e+00
9.900000000000002132e+00 1.073673009872436523e+00 1.325468905270099640e-02 6.863297428935766220e-03 -3.433473587036132812e+00 1.000000000000000000e+00 1.000000000000000000e+00
1.000000000000000000e+01 1.085208415985107422e+00 1.343152951449155807e-02 6.623883266001939774e-03 -3.483315229415893555e+00 1.000000000000000000e+00 1.000000000000000000e+00
1.010000000000000142e+01 1.098220348358154297e+00 1.356651354581117630e-02 6.110859569162130356e-03 -3.537824630737304688e+00 1.000000000000000000e+00 1.000000000000000000e+00
1.020000000000000284e+01 1.111357450485229492e+00 1.372434850782155991e-02 5.539240315556526184e-03 -3.593239784240722656e+00 1.000000000000000000e+00 1.000000000000000000e+00
1.030000000000000071e+01 1.124186635017395020e+00 1.390711776912212372e-02 5.004771519452333450e-03 -3.648146867752075195e+00 1.000000000000000000e+00 1.000000000000000000e+00
1.040000000000000213e+01 1.137461066246032715e+00 1.404608692973852158e-02 4.425708670169115067e-03 -3.704530954360961914e+00 1.000000000000000000e+00 1.000000000000000000e+00
1.050000000000000000e+01 1.150300741195678711e+00 1.421645749360322952e-02 3.899940056726336479e-03 -3.760149955749511719e+00 1.000000000000000000e+00 1.000000000000000000e+00
1.060000000000000142e+01 1.162900567054748535e+00 1.440251339226961136e-02 3.406284609809517860e-03 -3.815412282943725586e+00 1.000000000000000000e+00 1.000000000000000000e+00
1.070000000000000284e+01 1.175843119621276855e+00 1.454921439290046692e-02 2.883305773138999939e-03 -3.871915817260742188e+00 1.000000000000000000e+00 1.000000000000000000e+00
1.080000000000000071e+01 1.188364028930664062e+00 1.472701877355575562e-02 2.410437446087598801e-03 -3.929026126861572266e+00 1.000000000000000000e+00 1.000000000000000000e+00
1.090000000000000213e+01 1.200604081153869629e+00 1.492448151111602783e-02 1.973197096958756447e-03 -3.985737562179565430e+00 1.000000000000000000e+00 1.000000000000000000e+00
1.100000000000000000e+01 1.213322877883911133e+00 1.507487054914236069e-02 1.488452660851180553e-03 -4.044083595275878906e+00 1.000000000000000000e+00 1.000000000000000000e+00
1.110000000000000142e+01 1.225674033164978027e+00 1.525553409010171890e-02 1.043069176375865936e-03 -4.101775646209716797e+00 1.000000000000000000e+00 1.000000000000000000e+00
1.120000000000000284e+01 1.231845855712890625e+00 1.541542820632457733e-02 1.824466744437813759e-03 -4.144381523132324219e+00 1.000000000000000000e+00 1.000000000000000000e+00
1.130000000000000071e+01 1.230698585510253906e+00 1.550018601119518280e-02 4.111859947443008423e-03 -4.169008255004882812e+00 1.000000000000000000e+00 1.000000000000000000e+00
1.140000000000000213e+01 1.227464318275451660e+00 1.554674562066793442e-02 6.842903327196836472e-03 -4.188585758209228516e+00 1.000000000000000000e+00 1.000000000000000000e+00
1.150000000000000000e+01 1.224648833274841309e+00 1.560573931783437729e-02 9.475445374846458435e-03 -4.209211826324462891e+00 1.000000000000000000e+00 1.000000000000000000e+00
1.160000000000000142e+01 1.223589420318603516e+00 1.569054089486598969e-02 1.173349376767873764e-02 -4.234212398529052734e+00 1.000000000000000000e+00 1.000000000000000000e+00
1.170000000000000284e+01 1.223939895629882812e+00 1.580251008272171021e-02 1.368069462478160858e-02 -4.262731552124023438e+00 1.000000000000000000e+00 1.000000000000000000e+00
1.180000000000000071e+01 1.225271582603454590e+00 1.594183780252933502e-02 1.539890561252832413e-02 -4.293688297271728516e+00 1.000000000000000000e+00 1.000000000000000000e+00
1.190000000000000213e+01 1.227332115173339844e+00 1.609998010098934174e-02 1.694744452834129333e-02 -4.327228546142578125e+00 1.000000000000000000e+00 1.000000000000000000e+00
1.200000000000000000e+01 1.231545209884643555e+00 1.622686907649040222e-02 1.810972392559051514e-02 -4.366720676422119141e+00 1.000000000000000000e+00 1.000000000000000000e+00
1.210000000000000142e+01 1.236121058464050293e+00 1.637698896229267120e-02 1.916649937629699707e-02 -4.407219886779785156e+00 1.000000000000000000e+00 1.000000000000000000e+00
1.220000000000000284e+01 1.240855216979980469e+00 1.655132509768009186e-02 2.015376277267932892e-02 -4.448188781738281250e+00 1.000000000000000000e+00 1.000000000000000000e+00
1.230000000000000071e+01 1.245620965957641602e+00 1.675094664096832275e-02 2.109401859343051910e-02 -4.489274501800537109e+00 1.000000000000000000e+00 1.000000000000000000e+00
1.240000000000000213e+01 1.250442028045654297e+00 1.697024703025817871e-02 2.199012227356433868e-02 -4.530480384826660156e+00 1.000000000000000000e+00 1.000000000000000000e+00
1.250000000000000000e+01 1.256741166114807129e+00 1.713857613503932953e-02 2.266152016818523407e-02 -4.575932979583740234e+00 1.000000000000000000e+00 1.000000000000000000e+00
1.260000000000000142e+01 1.262805223464965820e+00 1.732967793941497803e-02 2.334015257656574249e-02 -4.620862007141113281e+00 1.000000000000000000e+00 1.000000000000000000e+00
1.270000000000000284e+01 1.268538355827331543e+00 1.754580251872539520e-02 2.403823286294937134e-02 -4.664978504180908203e+00 1.000000000000000000e+00 1.000000000000000000e+00
1.280000000000000071e+01 1.273981213569641113e+00 1.778754405677318573e-02 2.474845014512538910e-02 -4.708347320556640625e+00 1.000000000000000000e+00 1.000000000000000000e+00
1.290000000000000213e+01 1.279223203659057617e+00 1.804875768721103668e-02 2.546087652444839478e-02 -4.751131534576416016e+00 1.000000000000000000e+00 1.000000000000000000e+00
1.300000000000000000e+01 1.285809516906738281e+00 1.824952289462089539e-02 2.599610388278961182e-02 -4.797920703887939453e+00 1.000000000000000000e+00 1.000000000000000000e+00
1.310000000000000142e+01 1.292043209075927734e+00 1.847434416413307190e-02 2.655593678355216980e-02 -4.844802856445312500e+00 1.000000000000000000e+00 1.000000000000000000e+00
1.320000000000000284e+01 1.297888398170471191e+00 1.872474700212478638e-02 2.714188769459724426e-02 -4.890963077545166016e+00 1.000000000000000000e+00 1.000000000000000000e+00
1.330000000000000071e+01 1.303400039672851562e+00 1.900085806846618652e-02 2.774513326585292816e-02 -4.936238765716552734e+00 1.000000000000000000e+00 1.000000000000000000e+00
1.340000000000000213e+01 1.308379769325256348e+00 1.931327022612094879e-02 2.838455140590667725e-02 -4.979937076568603516e+00 1.000000000000000000e+00 1.000000000000000000e+00
1.350000000000000000e+01 1.314535260200500488e+00 1.956755109131336212e-02 2.888382226228713989e-02 -5.027271270751953125e+00 1.000000000000000000e+00 1.000000000000000000e+00
1.360000000000000142e+01 1.320722103118896484e+00 1.982449553906917572e-02 2.936451695859432220e-02 -5.074881553649902344e+00 1.000000000000000000e+00 1.000000000000000000e+00
1.370000000000000284e+01 1.326530098915100098e+00 2.010757848620414734e-02 2.986660972237586975e-02 -5.121492385864257812e+00 1.000000000000000000e+00 1.000000000000000000e+00
1.380000000000000071e+01 1.331965684890747070e+00 2.041817270219326019e-02 3.038740344345569611e-02 -5.167076110839843750e+00 1.000000000000000000e+00 1.000000000000000000e+00
1.390000000000000213e+01 1.336932539939880371e+00 2.076317928731441498e-02 3.093124367296695709e-02 -5.211273193359375000e+00 1.000000000000000000e+00 1.000000000000000000e+00
1.400000000000000000e+01 1.341394186019897461e+00 2.114742062985897064e-02 3.149962052702903748e-02 -5.253840923309326172e+00 1.000000000000000000e+00 1.000000000000000000e+00
1.410000000000000142e+01 1.347611427307128906e+00 2.143040299415588379e-02 3.189576417207717896e-02 -5.302031040191650391e+00 1.000000000000000000e+00 1.000000000000000000e+00
1.420000000000000284e+01 1.353363752365112305e+00 2.174653299152851105e-02 3.231775388121604919e-02 -5.348895549774169922e+00 1.000000000000000000e+00 1.000000000000000000e+00
1.430000000000000071e+01 1.358723640441894531e+00 2.209177799522876740e-02 3.275466337800025940e-02 -5.394663810729980469e+00 1.000000000000000000e+00 1.000000000000000000e+00
1.440000000000000213e+01 1.363737106323242188e+00 2.246577851474285126e-02 3.320071473717689514e-02 -5.439863204956054688e+00 1.000000000000000000e+00 1.000000000000000000e+00
1.450000000000000000e+01 1.368304848670959473e+00 2.287644892930984497e-02 3.365865349769592285e-02 -5.484469413757324219e+00 1.000000000000000000e+00 1.000000000000000000e+00
1.460000000000000142e+01 1.372324347496032715e+00 2.333290316164493561e-02 3.413404896855354309e-02 -5.527233123779296875e+00 1.000000000000000000e+00 1.000000000000000000e+00
1.470000000000000284e+01 1.377271056175231934e+00 2.373464778065681458e-02 3.452214971184730530e-02 -5.573079109191894531e+00 1.000000000000000000e+00 1.000000000000000000e+00
1.480000000000000071e+01 1.382760524749755859e+00 2.410527877509593964e-02 3.485835716128349304e-02 -5.620900630950927734e+00 1.000000000000000000e+00 1.000000000000000000e+00
1.490000000000000213e+01 1.387710571289062500e+00 2.451640926301479340e-02 3.521242365241050720e-02 -5.667038917541503906e+00 1.000000000000000000e+00 1.000000000000000000e+00
1.500000000000000000e+01 1.392346620559692383e+00 2.495749108493328094e-02 3.556731715798377991e-02 -5.712226867675781250e+00 1.000000000000000000e+00 1.000000000000000000e+00
1.510000000000000142e+01 1.396539330482482910e+00 2.543865889310836792e-02 3.592513129115104675e-02 -5.755973815917968750e+00 1.000000000000000000e+00 1.000000000000000000e+00
1.520000000000000284e+01 1.400321841239929199e+00 2.595926821231842041e-02 3.628367185592651367e-02 -5.798329353332519531e+00 1.000000000000000000e+00 1.000000000000000000e+00
1.530000000000000071e+01 1.403411388397216797e+00 2.654316090047359467e-02 3.664981946349143982e-02 -5.838184833526611328e+00 1.000000000000000000e+00 1.000000000000000000e+00
1.540000000000000213e+01 1.407527923583984375e+00 2.705593220889568329e-02 3.694639727473258972e-02 -5.881558418273925781e+00 1.000000000000000000e+00 1.000000000000000000e+00
1.550000000000000000e+01 1.412258625030517578e+00 2.752892673015594482e-02 3.719538077712059021e-02 -5.927189826965332031e+00 1.000000000000000000e+00 1.000000000000000000e+00
1.560000000000000142e+01 1.416556239128112793e+00 2.804072014987468719e-02 3.744748234748840332e-02 -5.971402645111083984e+00 1.000000000000000000e+00 1.000000000000000000e+00
1.570000000000000284e+01 1.420445799827575684e+00 2.859360165894031525e-02 3.769389167428016663e-02 -6.014251232147216797e+00 1.000000000000000000e+00 1.000000000000000000e+00
1.580000000000000071e+01 1.423961520195007324e+00 2.918550372123718262e-02 3.793273493647575378e-02 -6.055824756622314453e+00 1.000000000000000000e+00 1.000000000000000000e+00
1.590000000000000213e+01 1.427096247673034668e+00 2.981872297823429108e-02 3.816150873899459839e-02 -6.096056938171386719e+00 1.000000000000000000e+00 1.000000000000000000e+00
1.600000000000000000e+01 1.429645776748657227e+00 3.051239997148513794e-02 3.838047757744789124e-02 -6.134119987487792969e+00 1.000000000000000000e+00 1.000000000000000000e+00
1.610000000000000142e+01 1.431493639945983887e+00 3.127472102642059326e-02 3.859682753682136536e-02 -6.170365333557128906e+00 1.000000000000000000e+00 1.000000000000000000e+00
1.620000000000000284e+01 1.434268832206726074e+00 3.196435049176216125e-02 3.876765444874763489e-02 -6.210168838500976562e+00 1.000000000000000000e+00 1.000000000000000000e+00
1.630000000000000071e+01 1.438039064407348633e+00 3.257751092314720154e-02 3.889504075050354004e-02 -6.253795146942138672e+00 1.000000000000000000e+00 1.000000000000000000e+00
1.640000000000000213e+01 1.441420078277587891e+00 3.323242813348770142e-02 3.901424631476402283e-02 -6.296019554138183594e+00 1.000000000000000000e+00 1.000000000000000000e+00
1.650000000000000000e+01 1.444236993789672852e+00 3.394826874136924744e-02 3.911895677447319031e-02 -6.336122989654541016e+00 1.000000000000000000e+00 1.000000000000000000e+00
1.660000000000000142e+01 1.446700215339660645e+00 3.470262512564659119e-02 3.921204805374145508e-02 -6.374898433685302734e+00 1.000000000000000000e+00 1.000000000000000000e+00
1.670000000000000284e+01 1.448689579963684082e+00 3.551127761602401733e-02 3.928614407777786255e-02 -6.411821365356445312e+00 1.000000000000000000e+00 1.000000000000000000e+00
1.680000000000000071e+01 1.450189232826232910e+00 3.637575358152389526e-02 3.934384509921073914e-02 -6.446789741516113281e+00 1.000000000000000000e+00 1.000000000000000000e+00
1.690000000000000213e+01 1.451129913330078125e+00 3.730303421616554260e-02 3.938330709934234619e-02 -6.479449748992919922e+00 1.000000000000000000e+00 1.000000000000000000e+00
1.700000000000000000e+01 1.451323747634887695e+00 3.831991925835609436e-02 3.939291834831237793e-02 -6.508929729461669922e+00 1.000000000000000000e+00 1.000000000000000000e+00
1.710000000000000142e+01 1.451508998870849609e+00 3.935561329126358032e-02 3.936938196420669556e-02 -6.538093566894531250e+00 1.000000000000000000e+00 1.000000000000000000e+00
1.720000000000000284e+01 1.453963637351989746e+00 4.017442464828491211e-02 3.933690488338470459e-02 -6.576338291168212891e+00 1.000000000000000000e+00 1.000000000000000000e+00
1.730000000000000071e+01 1.455885529518127441e+00 4.105745255947113037e-02 3.928030654788017273e-02 -6.612418174743652344e+00 1.000000000000000000e+00 1.000000000000000000e+00
1.740000000000000213e+01 1.457404971122741699e+00 4.198922589421272278e-02 3.920520842075347900e-02 -6.646867275238037109e+00 1.000000000000000000e+00 1.000000000000000000e+00
1.750000000000000000e+01 1.458513617515563965e+00 4.296753928065299988e-02 3.911413624882698059e-02 -6.679635047912597656e+00 1.000000000000000000e+00 1.000000000000000000e+00
1.760000000000000142e+01 1.459032058715820312e+00 4.402059316635131836e-02 3.899057582020759583e-02 -6.709897041320800781e+00 1.000000000000000000e+00 1.000000000000000000e+00
1.770000000000000284e+01 1.459222674369812012e+00 4.512073844671249390e-02 3.884322196245193481e-02 -6.738722801208496094e+00 1.000000000000000000e+00 1.000000000000000000e+00
1.780000000000000071e+01 1.459017038345336914e+00 4.627710953354835510e-02 3.866788372397422791e-02 -6.765783309936523438e+00 1.000000000000000000e+00 1.000000000000000000e+00
1.790000000000000213e+01 1.458173990249633789e+00 4.751585051417350769e-02 3.845307603478431702e-02 -6.789989471435546875e+00 1.000000000000000000e+00 1.000000000000000000e+00
1.800000000000000000e+01 1.456719875335693359e+00 4.883877933025360107e-02 3.820311650633811951e-02 -6.811379909515380859e+00 1.000000000000000000e+00 1.000000000000000000e+00
1.810000000000000142e+01 1.454506874084472656e+00 5.025275424122810364e-02 3.791926428675651550e-02 -6.829270839691162109e+00 1.000000000000000000e+00 1.000000000000000000e+00
1.820000000000000284e+01 nan nan nan nan 1.000000000000000000e+00 1.000000000000000000e+00
1.830000000000000071e+01 1.451241135597229004e+00 5.299367755651473999e-02 3.731301426887512207e-02 -6.869523525238037109e+00 1.000000000000000000e+00 1.000000000000000000e+00
1.840000000000000213e+01 1.451165318489074707e+00 5.419845879077911377e-02 3.703228011727333069e-02 -6.897016048431396484e+00 1.000000000000000000e+00 1.000000000000000000e+00
1.850000000000000000e+01 1.450586080551147461e+00 5.547238886356353760e-02 3.671934455633163452e-02 -6.922161579132080078e+00 1.000000000000000000e+00 1.000000000000000000e+00
1.860000000000000142e+01 1.449487805366516113e+00 5.682239681482315063e-02 3.636863082647323608e-02 -6.944838523864746094e+00 1.000000000000000000e+00 1.000000000000000000e+00
1.870000000000000284e+01 1.448098778724670410e+00 5.820125341415405273e-02 3.600678592920303345e-02 -6.966128826141357422e+00 1.000000000000000000e+00 1.000000000000000000e+00
1.880000000000000071e+01 1.446042418479919434e+00 5.967427045106887817e-02 3.560102358460426331e-02 -6.984198093414306641e+00 1.000000000000000000e+00 1.000000000000000000e+00
1.890000000000000213e+01 1.443508148193359375e+00 6.121880561113357544e-02 3.515928238630294800e-02 -6.999866485595703125e+00 1.000000000000000000e+00 1.000000000000000000e+00
1.900000000000000000e+01 1.440706253051757812e+00 6.280218064785003662e-02 3.469480201601982117e-02 -7.014094352722167969e+00 1.000000000000000000e+00 1.000000000000000000e+00
1.910000000000000142e+01 1.437344908714294434e+00 6.447540223598480225e-02 3.418238088488578796e-02 -7.025426864624023438e+00 1.000000000000000000e+00 1.000000000000000000e+00
1.920000000000000284e+01 1.433435559272766113e+00 6.623180210590362549e-02 3.362660482525825500e-02 -7.033880710601806641e+00 1.000000000000000000e+00 1.000000000000000000e+00
1.930000000000000071e+01 1.429096937179565430e+00 6.804156303405761719e-02 3.304763138294219971e-02 -7.040033340454101562e+00 1.000000000000000000e+00 1.000000000000000000e+00
1.940000000000000213e+01 1.424148201942443848e+00 6.993614882230758667e-02 3.242580220103263855e-02 -7.042923927307128906e+00 1.000000000000000000e+00 1.000000000000000000e+00
1.950000000000000000e+01 1.418394088745117188e+00 7.196651399135589600e-02 3.173380717635154724e-02 -7.041448116302490234e+00 1.000000000000000000e+00 1.000000000000000000e+00
1.960000000000000142e+01 1.412034988403320312e+00 7.408723980188369751e-02 3.099300898611545563e-02 -7.036550521850585938e+00 1.000000000000000000e+00 1.000000000000000000e+00
1.970000000000000284e+01 1.406427264213562012e+00 7.612108439207077026e-02 3.027416579425334930e-02 -7.034765243530273438e+00 1.000000000000000000e+00 1.000000000000000000e+00
1.980000000000000071e+01 1.403361916542053223e+00 7.781803607940673828e-02 2.967442199587821960e-02 -7.045000076293945312e+00 1.000000000000000000e+00 1.000000000000000000e+00
1.990000000000000213e+01 1.399822235107421875e+00 7.959302514791488647e-02 2.903841994702816010e-02 -7.052646160125732422e+00 1.000000000000000000e+00 1.000000000000000000e+00
2.000000000000000000e+01 1.396162629127502441e+00 8.138573169708251953e-02 2.838703803718090057e-02 -7.059450149536132812e+00 1.000000000000000000e+00 1.000000000000000000e+00
2.010000000000000142e+01 1.391737103462219238e+00 8.330310881137847900e-02 2.766689471900463104e-02 -7.062050819396972656e+00 1.000000000000000000e+00 1.000000000000000000e+00
2.020000000000000284e+01 1.387625932693481445e+00 8.517605811357498169e-02 2.695733867585659027e-02 -7.065950870513916016e+00 1.000000000000000000e+00 1.000000000000000000e+00
2.030000000000000071e+01 1.382862806320190430e+00 8.716189116239547729e-02 2.618340961635112762e-02 -7.066134452819824219e+00 1.000000000000000000e+00 1.000000000000000000e+00
2.040000000000000213e+01 1.378090500831604004e+00 8.914659172296524048e-02 2.540322206914424896e-02 -7.065964698791503906e+00 1.000000000000000000e+00 1.000000000000000000e+00
2.050000000000000000e+01 1.373085737228393555e+00 9.116273373365402222e-02 2.459835819900035858e-02 -7.064253807067871094e+00 1.000000000000000000e+00 1.000000000000000000e+00
2.060000000000000142e+01 1.367433071136474609e+00 9.329432249069213867e-02 2.372640557587146759e-02 -7.058683872222900391e+00 1.000000000000000000e+00 1.000000000000000000e+00
2.070000000000000284e+01 1.362178921699523926e+00 9.536797553300857544e-02 2.286648936569690704e-02 -7.054787158966064453e+00 1.000000000000000000e+00 1.000000000000000000e+00
2.080000000000000071e+01 1.356102228164672852e+00 9.758947789669036865e-02 2.191933616995811462e-02 -7.045954704284667969e+00 1.000000000000000000e+00 1.000000000000000000e+00
2.090000000000000213e+01 1.350345611572265625e+00 9.977148473262786865e-02 2.097509242594242096e-02 -7.038311958312988281e+00 1.000000000000000000e+00 1.000000000000000000e+00
2.100000000000000000e+01 1.344165086746215820e+00 1.020057275891304016e-01 1.998764090240001678e-02 -7.027889251708984375e+00 1.000000000000000000e+00 1.000000000000000000e+00
2.110000000000000142e+01 1.337552070617675781e+00 1.043216809630393982e-01 1.894601434469223022e-02 -7.014486789703369141e+00 1.000000000000000000e+00 1.000000000000000000e+00
2.120000000000000284e+01 1.331262826919555664e+00 1.065975576639175415e-01 1.790402457118034363e-02 -7.002213478088378906e+00 1.000000000000000000e+00 1.000000000000000000e+00
2.130000000000000071e+01 1.324002861976623535e+00 1.090539395809173584e-01 1.675027608871459961e-02 -6.983722686767578125e+00 1.000000000000000000e+00 1.000000000000000000e+00
2.140000000000000213e+01 1.317153215408325195e+00 1.114368066191673279e-01 1.560456678271293640e-02 -6.966763496398925781e+00 1.000000000000000000e+00 1.000000000000000000e+00
2.150000000000000000e+01 1.312442421913146973e+00 1.135320141911506653e-01 1.458420231938362122e-02 -6.960758686065673828e+00 1.000000000000000000e+00 1.000000000000000000e+00
2.160000000000000142e+01 1.309535264968872070e+00 1.153395324945449829e-01 1.369724981486797333e-02 -6.964534759521484375e+00 1.000000000000000000e+00 1.000000000000000000e+00
2.170000000000000284e+01 1.305481791496276855e+00 1.173423528671264648e-01 1.269309595227241516e-02 -6.961518764495849609e+00 1.000000000000000000e+00 1.000000000000000000e+00
2.180000000000000071e+01 1.302332997322082520e+00 1.191971376538276672e-01 1.174774207174777985e-02 -6.963991641998291016e+00 1.000000000000000000e+00 1.000000000000000000e+00
2.190000000000000213e+01 1.298303484916687012e+00 1.212085485458374023e-01 1.069807261228561401e-02 -6.960738182067871094e+00 1.000000000000000000e+00 1.000000000000000000e+00
2.200000000000000000e+01 1.294858217239379883e+00 1.231422200798988342e-01 9.674858301877975464e-03 -6.960447788238525391e+00 1.000000000000000000e+00 1.000000000000000000e+00
2.210000000000000142e+01 1.291380763053894043e+00 1.250749081373214722e-01 8.625793270766735077e-03 -6.959477424621582031e+00 1.000000000000000000e+00 1.000000000000000000e+00
2.220000000000000284e+01 1.287563085556030273e+00 1.270795762538909912e-01 7.517487742006778717e-03 -6.955869197845458984e+00 1.000000000000000000e+00 1.000000000000000000e+00
2.230000000000000426e+01 1.284514904022216797e+00 1.289657652378082275e-01 6.461782846599817276e-03 -6.956519603729248047e+00 1.000000000000000000e+00 1.000000000000000000e+00
2.239999999999999858e+01 1.280347824096679688e+00 1.310281604528427124e-01 5.281331017613410950e-03 -6.949730873107910156e+00 1.000000000000000000e+00 1.000000000000000000e+00
2.250000000000000000e+01 1.277044177055358887e+00 1.329443305730819702e-01 4.167585633695125580e-03 -6.947852134704589844e+00 1.000000000000000000e+00 1.000000000000000000e+00
2.260000000000000142e+01 1.273270606994628906e+00 1.349612623453140259e-01 2.979627577587962151e-03 -6.942413330078125000e+00 1.000000000000000000e+00 1.000000000000000000e+00
2.270000000000000284e+01 1.269588589668273926e+00 1.369655132293701172e-01 1.774994307197630405e-03 -6.936905860900878906e+00 1.000000000000000000e+00 1.000000000000000000e+00
2.280000000000000426e+01 1.266392350196838379e+00 1.388853341341018677e-01 5.987245240248739719e-04 -6.934010982513427734e+00 1.000000000000000000e+00 1.000000000000000000e+00
2.289999999999999858e+01 1.262416362762451172e+00 1.409473717212677002e-01 -6.858280976302921772e-04 -6.925278663635253906e+00 1.000000000000000000e+00 1.000000000000000000e+00
2.300000000000000000e+01 1.259166598320007324e+00 1.428839415311813354e-01 -1.912021893076598644e-03 -6.920745372772216797e+00 1.000000000000000000e+00 1.000000000000000000e+00
2.310000000000000142e+01 1.257475256919860840e+00 1.445777565240859985e-01 -2.998520620167255402e-03 -6.925355911254882812e+00 1.000000000000000000e+00 1.000000000000000000e+00
2.320000000000000284e+01 1.255361557006835938e+00 1.463711857795715332e-01 -4.157778806984424591e-03 -6.926465988159179688e+00 1.000000000000000000e+00 1.000000000000000000e+00
2.330000000000000426e+01 1.253908872604370117e+00 1.480443626642227173e-01 -5.251111928373575211e-03 -6.931764125823974609e+00 1.000000000000000000e+00 1.000000000000000000e+00
2.339999999999999858e+01 1.252541065216064453e+00 1.496987938880920410e-01 -6.346406880766153336e-03 -6.937372207641601562e+00 1.000000000000000000e+00 1.000000000000000000e+00
2.350000000000000000e+01 1.250394463539123535e+00 1.514833867549896240e-01 -7.547294721007347107e-03 -6.937196254730224609e+00 1.000000000000000000e+00 1.000000000000000000e+00
2.360000000000000142e+01 1.248940944671630859e+00 1.531604975461959839e-01 -8.684786036610603333e-03 -6.941453933715820312e+00 1.000000000000000000e+00 1.000000000000000000e+00
2.370000000000000284e+01 1.247752189636230469e+00 1.547882109880447388e-01 -9.808164089918136597e-03 -6.947263717651367188e+00 1.000000000000000000e+00 1.000000000000000000e+00
2.380000000000000426e+01 1.245850563049316406e+00 1.565513759851455688e-01 -1.103529054671525955e-02 -6.947530269622802734e+00 1.000000000000000000e+00 1.000000000000000000e+00
2.389999999999999858e+01 1.244405865669250488e+00 1.582382768392562866e-01 -1.222479902207851410e-02 -6.950692653656005859e+00 1.000000000000000000e+00 1.000000000000000000e+00
2.400000000000000000e+01 1.243330955505371094e+00 1.598478555679321289e-01 -1.338300202041864395e-02 -6.956261157989501953e+00 1.000000000000000000e+00 1.000000000000000000e+00
2.410000000000000142e+01 1.241902351379394531e+00 1.615308225154876709e-01 -1.460002921521663666e-02 -6.958815574645996094e+00 1.000000000000000000e+00 1.000000000000000000e+00
2.420000000000000284e+01 1.240465044975280762e+00 1.632124781608581543e-01 -1.583378948271274567e-02 -6.960928440093994141e+00 1.000000000000000000e+00 1.000000000000000000e+00
2.430000000000000426e+01 1.239640831947326660e+00 1.647784113883972168e-01 -1.700058020651340485e-02 -6.967318058013916016e+00 1.000000000000000000e+00 1.000000000000000000e+00
2.439999999999999858e+01 1.239385247230529785e+00 1.662204563617706299e-01 -1.809955388307571411e-02 -6.977699279785156250e+00 1.000000000000000000e+00 1.000000000000000000e+00
2.450000000000000000e+01 1.238860130310058594e+00 1.677425503730773926e-01 -1.924867555499076843e-02 -6.985108852386474609e+00 1.000000000000000000e+00 1.000000000000000000e+00
2.460000000000000142e+01 1.237454891204833984e+00 1.694429069757461548e-01 -2.053367346525192261e-02 -6.984611034393310547e+00 1.000000000000000000e+00 1.000000000000000000e+00
2.470000000000000284e+01 1.236784577369689941e+00 1.710269749164581299e-01 -2.172919921576976776e-02 -6.990215301513671875e+00 1.000000000000000000e+00 1.000000000000000000e+00
2.480000000000000426e+01 1.236238241195678711e+00 1.725518703460693359e-01 -2.291274070739746094e-02 -6.997107505798339844e+00 1.000000000000000000e+00 1.000000000000000000e+00
2.489999999999999858e+01 1.235107064247131348e+00 1.741932928562164307e-01 -2.419000118970870972e-02 -6.998981475830078125e+00 1.000000000000000000e+00 1.000000000000000000e+00
2.500000000000000000e+01 1.234545111656188965e+00 1.757325828075408936e-01 -2.539962530136108398e-02 -7.005084514617919922e+00 1.000000000000000000e+00 1.000000000000000000e+00
